date,Central Bank Rate Lower Bound,Central Bank Rate Upper Bound,10-Year Sovereign Yield,Prime Lending Rate,Overnight Funding Rate,30-Day Overnight Funding Average,90-Day Overnight Funding Average,Yield Curve Spread
2018-07-02,1.75,2,2.87,5,2.04,1.85668,1.77886,0.3
2018-07-03,1.75,2,2.83,5,2,1.86436,1.7812,0.3
2018-07-04,1.75,2,2.83,5,2,1.86436,1.7812,0.3
2018-07-05,1.75,2,2.84,5,1.97,1.87737,1.78689,0.29
2018-07-06,1.75,2,2.82,5,1.93,1.88472,1.78935,0.29
2018-07-07,1.75,2,2.82,5,1.93,1.88472,1.78935,0.29
2018-07-08,1.75,2,2.82,5,1.93,1.88472,1.78935,0.29
2018-07-09,1.75,2,2.86,5,1.89,1.90675,1.79537,0.29
2018-07-10,1.75,2,2.87,5,1.89,1.91343,1.79694,0.28
2018-07-11,1.75,2,2.85,5,1.89,1.9201,1.79839,0.27
2018-07-12,1.75,2,2.85,5,1.9,1.92678,1.80017,0.25
2018-07-13,1.75,2,2.83,5,1.9,1.93446,1.80218,0.24
2018-07-14,1.75,2,2.83,5,1.9,1.93446,1.80218,0.24
2018-07-15,1.75,2,2.83,5,1.9,1.93446,1.80218,0.24
2018-07-16,1.75,2,2.85,5,1.95,1.94046,1.80765,0.26
2018-07-17,1.75,2,2.86,5,1.92,1.9418,1.80977,0.24
2018-07-18,1.75,2,2.88,5,1.9,1.94214,1.81167,0.28
2018-07-19,1.75,2,2.84,5,1.9,1.94214,1.81356,0.24
2018-07-20,1.75,2,2.89,5,1.88,1.94281,1.81558,0.29
2018-07-21,1.75,2,2.89,5,1.88,1.94281,1.81558,0.29
2018-07-22,1.75,2,2.89,5,1.88,1.94281,1.81558,0.29
2018-07-23,1.75,2,2.96,5,1.87,1.94213,1.82115,0.32
2018-07-24,1.75,2,2.95,5,1.9,1.94047,1.82294,0.32
2018-07-25,1.75,2,2.94,5,1.87,1.9398,1.82506,0.28
2018-07-26,1.75,2,2.98,5,1.9,1.93847,1.82673,0.29
2018-07-27,1.75,2,2.96,5,1.88,1.93847,1.82875,0.29
2018-07-28,1.75,2,2.96,5,1.88,1.93847,1.82875,0.29
2018-07-29,1.75,2,2.96,5,1.88,1.93847,1.82875,0.29
2018-07-30,1.75,2,2.98,5,1.88,1.92811,1.83354,0.32
2018-07-31,1.75,2,2.96,5,1.93,1.92011,1.83488,0.29
2018-08-01,1.75,2,3,5,1.88,1.91376,1.83689,0.33
2018-08-02,1.75,2,2.98,5,1.91,1.90842,1.83845,0.32
2018-08-03,1.75,2,2.95,5,1.86,1.90542,1.84058,0.32
2018-08-04,1.75,2,2.95,5,1.86,1.90542,1.84058,0.32
2018-08-05,1.75,2,2.95,5,1.86,1.90542,1.84058,0.32
2018-08-06,1.75,2,2.94,5,1.86,1.89474,1.84537,0.3
2018-08-07,1.75,2,2.98,5,1.87,1.8924,1.84694,0.3
2018-08-08,1.75,2,2.96,5,1.88,1.8904,1.84861,0.28
2018-08-09,1.75,2,2.93,5,1.91,1.89006,1.85028,0.29
2018-08-10,1.75,2,2.87,5,1.9,1.89073,1.8523,0.26
2018-08-11,1.75,2,2.87,5,1.9,1.89073,1.8523,0.26
2018-08-12,1.75,2,2.87,5,1.9,1.89073,1.8523,0.26
2018-08-13,1.75,2,2.88,5,1.91,1.89106,1.85776,0.27
2018-08-14,1.75,2,2.89,5,1.93,1.8914,1.8591,0.26
2018-08-15,1.75,2,2.86,5,1.98,1.8924,1.86111,0.25
2018-08-16,1.75,2,2.87,5,1.99,1.8934,1.86379,0.24
2018-08-17,1.75,2,2.87,5,1.9,1.89574,1.86669,0.26
2018-08-18,1.75,2,2.87,5,1.9,1.89574,1.86669,0.26
2018-08-19,1.75,2,2.87,5,1.9,1.89574,1.86669,0.26
2018-08-20,1.75,2,2.82,5,1.9,1.8964,1.87283,0.22
2018-08-21,1.75,2,2.85,5,1.9,1.89708,1.87562,0.24
2018-08-22,1.75,2,2.82,5,1.9,1.89774,1.87819,0.22
2018-08-23,1.75,2,2.82,5,1.94,1.89874,1.87998,0.21
2018-08-24,1.75,2,2.82,5,1.95,1.90008,1.88232,0.19
2018-08-25,1.75,2,2.82,5,1.95,1.90008,1.88232,0.19
2018-08-26,1.75,2,2.82,5,1.95,1.90008,1.88232,0.19
2018-08-27,1.75,2,2.85,5,1.95,1.90675,1.88969,0.18
2018-08-28,1.75,2,2.88,5,1.95,1.90909,1.89226,0.21
2018-08-29,1.75,2,2.89,5,1.93,1.91143,1.89482,0.22
2018-08-30,1.75,2,2.86,5,1.93,1.9131,1.89616,0.22
2018-08-31,1.75,2,2.86,5,1.97,1.9131,1.89751,0.24
2018-09-01,1.75,2,2.86,5,1.97,1.9131,1.89751,0.24
2018-09-02,1.75,2,2.86,5,1.97,1.9131,1.89751,0.24
2018-09-03,1.75,2,2.86,5,1.97,1.9131,1.89751,0.24
2018-09-04,1.75,2,2.9,5,1.95,1.92544,1.90542,0.24
2018-09-05,1.75,2,2.9,5,1.95,1.92844,1.90788,0.24
2018-09-06,1.75,2,2.88,5,1.94,1.93145,1.91056,0.24
2018-09-07,1.75,2,2.94,5,1.94,1.93379,1.91335,0.23
2018-09-08,1.75,2,2.94,5,1.94,1.93379,1.91335,0.23
2018-09-09,1.75,2,2.94,5,1.94,1.93379,1.91335,0.23
2018-09-10,1.75,2,2.94,5,1.94,1.93812,1.92172,0.21
2018-09-11,1.75,2,2.98,5,1.94,1.93946,1.92474,0.22
2018-09-12,1.75,2,2.97,5,1.94,1.9408,1.92731,0.23
2018-09-13,1.75,2,2.97,5,1.94,1.9418,1.92775,0.21
2018-09-14,1.75,2,2.99,5,1.95,1.94213,1.92809,0.21
2018-09-15,1.75,2,2.99,5,1.95,1.94213,1.92809,0.21
2018-09-16,1.75,2,2.99,5,1.95,1.94213,1.92809,0.21
2018-09-17,1.75,2,2.99,5,2,1.94146,1.92954,0.21
2018-09-18,1.75,2,3.05,5,1.94,1.9448,1.93088,0.24
2018-09-19,1.75,2,3.08,5,1.92,1.94614,1.93166,0.27
2018-09-20,1.75,2,3.07,5,1.92,1.94681,1.93222,0.26
2018-09-21,1.75,2,3.07,5,1.92,1.94747,1.93222,0.26
2018-09-22,1.75,2,3.07,5,1.92,1.94747,1.93222,0.26
2018-09-23,1.75,2,3.07,5,1.92,1.94747,1.93222,0.26
2018-09-24,1.75,2,3.08,5,1.95,1.94647,1.93233,0.25
2018-09-25,1.75,2,3.1,5,1.93,1.94647,1.93289,0.27
2018-09-26,1.75,2,3.06,5,1.92,1.9458,1.93322,0.23
2018-09-27,2,2.25,3.06,5.25,2.16,1.9448,1.93311,0.23
2018-09-28,2,2.25,3.05,5.25,2.25,1.95181,1.93356,0.24
2018-09-29,2,2.25,3.05,5.25,2.25,1.95181,1.93356,0.24
2018-09-30,2,2.25,3.05,5.25,2.25,1.95181,1.93356,0.24
2018-10-01,2,2.25,3.09,5.25,2.22,1.98253,1.9388,0.27
2018-10-02,2,2.25,3.05,5.25,2.2,1.99088,1.94126,0.23
2018-10-03,2,2.25,3.15,5.25,2.2,1.99856,1.94349,0.3
2018-10-04,2,2.25,3.19,5.25,2.18,2.00624,1.94606,0.32
2018-10-05,2,2.25,3.23,5.25,2.16,2.01392,1.94886,0.35
2018-10-06,2,2.25,3.23,5.25,2.16,2.01392,1.94886,0.35
2018-10-07,2,2.25,3.23,5.25,2.16,2.01392,1.94886,0.35
2018-10-08,2,2.25,3.23,5.25,2.16,2.01392,1.94886,0.35
2018-10-09,2,2.25,3.21,5.25,2.15,2.04295,1.96001,0.33
2018-10-10,2,2.25,3.22,5.25,2.15,2.04996,1.96292,0.34
2018-10-11,2,2.25,3.14,5.25,2.17,2.05697,1.96571,0.29
2018-10-12,2,2.25,3.15,5.25,2.18,2.06465,1.96872,0.3
2018-10-13,2,2.25,3.15,5.25,2.18,2.06465,1.96872,0.3
2018-10-14,2,2.25,3.15,5.25,2.18,2.06465,1.96872,0.3
2018-10-15,2,2.25,3.16,5.25,2.21,2.08835,1.97754,0.31
2018-10-16,2,2.25,3.16,5.25,2.18,2.09704,1.98078,0.29
2018-10-17,2,2.25,3.19,5.25,2.18,2.10472,1.9839,0.3
2018-10-18,2,2.25,3.17,5.25,2.19,2.11073,1.98703,0.3
2018-10-19,2,2.25,3.2,5.25,2.19,2.11908,1.99049,0.28
2018-10-20,2,2.25,3.2,5.25,2.19,2.11908,1.99049,0.28
2018-10-21,2,2.25,3.2,5.25,2.19,2.11908,1.99049,0.28
2018-10-22,2,2.25,3.2,5.25,2.18,2.14612,2.00099,0.28
2018-10-23,2,2.25,3.17,5.25,2.17,2.1548,2.00411,0.28
2018-10-24,2,2.25,3.1,5.25,2.18,2.16315,2.00746,0.26
2018-10-25,2,2.25,3.14,5.25,2.19,2.17083,2.01059,0.28
2018-10-26,2,2.25,3.08,5.25,2.19,2.17951,2.01405,0.27
2018-10-27,2,2.25,3.08,5.25,2.19,2.17951,2.01405,0.27
2018-10-28,2,2.25,3.08,5.25,2.19,2.17951,2.01405,0.27
2018-10-29,2,2.25,3.08,5.25,2.18,2.18752,2.02444,0.27
2018-10-30,2,2.25,3.12,5.25,2.18,2.18519,2.02723,0.28
2018-10-31,2,2.25,3.15,5.25,2.22,2.18285,2.03058,0.28
2018-11-01,2,2.25,3.14,5.25,2.22,2.18285,2.03404,0.3
2018-11-02,2,2.25,3.22,5.25,2.25,2.18352,2.03806,0.31
2018-11-03,2,2.25,3.22,5.25,2.25,2.18352,2.03806,0.31
2018-11-04,2,2.25,3.22,5.25,2.25,2.18352,2.03806,0.31
2018-11-05,2,2.25,3.2,5.25,2.24,2.19053,2.05112,0.29
2018-11-06,2,2.25,3.22,5.25,2.22,2.19321,2.05526,0.29
2018-11-07,2,2.25,3.22,5.25,2.18,2.19522,2.05905,0.26
2018-11-08,2,2.25,3.24,5.25,2.21,2.19589,2.06207,0.26
2018-11-09,2,2.25,3.19,5.25,2.2,2.19789,2.06553,0.25
2018-11-10,2,2.25,3.19,5.25,2.2,2.19789,2.06553,0.25
2018-11-11,2,2.25,3.19,5.25,2.2,2.19789,2.06553,0.25
2018-11-12,2,2.25,3.19,5.25,2.2,2.19789,2.06553,0.25
2018-11-13,2,2.25,3.14,5.25,2.2,2.20188,2.07848,0.25
2018-11-14,2,2.25,3.12,5.25,2.2,2.20255,2.08094,0.26
2018-11-15,2,2.25,3.11,5.25,2.28,2.20222,2.08328,0.25
2018-11-16,2,2.25,3.08,5.25,2.26,2.20556,2.08753,0.27
2018-11-17,2,2.25,3.08,5.25,2.26,2.20556,2.08753,0.27
2018-11-18,2,2.25,3.08,5.25,2.26,2.20556,2.08753,0.27
2018-11-19,2,2.25,3.06,5.25,2.24,2.2129,2.09959,0.27
2018-11-20,2,2.25,3.06,5.25,2.2,2.21457,2.10338,0.27
2018-11-21,2,2.25,3.06,5.25,2.18,2.21491,2.10673,0.25
2018-11-22,2,2.25,3.06,5.25,2.18,2.21491,2.10673,0.25
2018-11-23,2,2.25,3.05,5.25,2.23,2.21523,2.11198,0.24
2018-11-24,2,2.25,3.05,5.25,2.23,2.21523,2.11198,0.24
2018-11-25,2,2.25,3.05,5.25,2.23,2.21523,2.11198,0.24
2018-11-26,2,2.25,3.07,5.25,2.2,2.21957,2.12136,0.23
2018-11-27,2,2.25,3.06,5.25,2.19,2.21991,2.12416,0.23
2018-11-28,2,2.25,3.06,5.25,2.19,2.21991,2.12706,0.25
2018-11-29,2,2.25,3.03,5.25,2.24,2.22024,2.12996,0.22
2018-11-30,2,2.25,3.01,5.25,2.28,2.22225,2.13298,0.21
2018-12-01,2,2.25,3.01,5.25,2.28,2.22225,2.13298,0.21
2018-12-02,2,2.25,3.01,5.25,2.28,2.22225,2.13298,0.21
2018-12-03,2,2.25,2.98,5.25,2.23,2.22725,2.14337,0.15
2018-12-04,2,2.25,2.91,5.25,2.27,2.22659,2.1465,0.11
2018-12-05,2,2.25,2.91,5.25,2.27,2.22659,2.1465,0.11
2018-12-06,2,2.25,2.87,5.25,2.34,2.22825,2.15376,0.12
2018-12-07,2,2.25,2.85,5.25,2.3,2.23226,2.15823,0.13
2018-12-08,2,2.25,2.85,5.25,2.3,2.23226,2.15823,0.13
2018-12-09,2,2.25,2.85,5.25,2.3,2.23226,2.15823,0.13
2018-12-10,2,2.25,2.85,5.25,2.22,2.24261,2.17029,0.13
2018-12-11,2,2.25,2.89,5.25,2.19,2.24329,2.17342,0.11
2018-12-12,2,2.25,2.91,5.25,2.2,2.24296,2.17621,0.14
2018-12-13,2,2.25,2.91,5.25,2.21,2.24296,2.17911,0.16
2018-12-14,2,2.25,2.89,5.25,2.21,2.24329,2.18202,0.16
2018-12-15,2,2.25,2.89,5.25,2.21,2.24329,2.18202,0.16
2018-12-16,2,2.25,2.89,5.25,2.21,2.24329,2.18202,0.16
2018-12-17,2,2.25,2.86,5.25,2.31,2.23961,2.19017,0.16
2018-12-18,2,2.25,2.82,5.25,2.32,2.24129,2.1943,0.17
2018-12-19,2,2.25,2.77,5.25,2.3,2.24329,2.19877,0.14
2018-12-20,2.25,2.5,2.79,5.5,2.41,2.2453,2.20302,0.12
2018-12-21,2.25,2.5,2.79,5.5,2.4,2.25231,2.20849,0.16
2018-12-22,2.25,2.5,2.79,5.5,2.4,2.25231,2.20849,0.16
2018-12-23,2.25,2.5,2.79,5.5,2.4,2.25231,2.20849,0.16
2018-12-24,2.25,2.5,2.74,5.5,2.41,2.27268,2.22424,0.19
2018-12-25,2.25,2.5,2.74,5.5,2.41,2.27268,2.22424,0.19
2018-12-26,2.25,2.5,2.81,5.5,2.44,2.2847,2.23508,0.2
2018-12-27,2.25,2.5,2.77,5.5,2.44,2.29271,2.23821,0.21
2018-12-28,2.25,2.5,2.72,5.5,2.46,2.30106,2.24033,0.2
2018-12-29,2.25,2.5,2.72,5.5,2.46,2.30106,2.24033,0.2
2018-12-30,2.25,2.5,2.72,5.5,2.46,2.30106,2.24033,0.2
2018-12-31,2.25,2.5,2.69,5.5,3,2.32343,2.2477,0.21
2019-01-01,2.25,2.5,2.69,5.5,3,2.32343,2.2477,0.21
2019-01-02,2.25,2.5,2.66,5.5,3.15,2.37152,2.26558,0.16
2019-01-03,2.25,2.5,2.56,5.5,2.7,2.40224,2.27641,0.17
2019-01-04,2.25,2.5,2.67,5.5,2.45,2.41661,2.28245,0.17
2019-01-05,2.25,2.5,2.67,5.5,2.45,2.41661,2.28245,0.17
2019-01-06,2.25,2.5,2.67,5.5,2.45,2.41661,2.28245,0.17
2019-01-07,2.25,2.5,2.7,5.5,2.41,2.4313,2.29217,0.17
2019-01-08,2.25,2.5,2.73,5.5,2.42,2.43497,2.29508,0.15
2019-01-09,2.25,2.5,2.74,5.5,2.45,2.43898,2.2981,0.18
2019-01-10,2.25,2.5,2.74,5.5,2.43,2.44666,2.30122,0.18
2019-01-11,2.25,2.5,2.71,5.5,2.41,2.45468,2.30402,0.16
2019-01-12,2.25,2.5,2.71,5.5,2.41,2.45468,2.30402,0.16
2019-01-13,2.25,2.5,2.71,5.5,2.41,2.45468,2.30402,0.16
2019-01-14,2.25,2.5,2.71,5.5,2.4,2.47505,2.31139,0.18
2019-01-15,2.25,2.5,2.72,5.5,2.46,2.4814,2.31385,0.19
2019-01-16,2.25,2.5,2.73,5.5,2.43,2.48975,2.31698,0.18
2019-01-17,2.25,2.5,2.75,5.5,2.41,2.49375,2.31966,0.19
2019-01-18,2.25,2.5,2.79,5.5,2.42,2.49676,2.32212,0.17
2019-01-19,2.25,2.5,2.79,5.5,2.42,2.49676,2.32212,0.17
2019-01-20,2.25,2.5,2.79,5.5,2.42,2.49676,2.32212,0.17
2019-01-21,2.25,2.5,2.79,5.5,2.42,2.49676,2.32212,0.17
2019-01-22,2.25,2.5,2.74,5.5,2.41,2.50242,2.33273,0.16
2019-01-23,2.25,2.5,2.76,5.5,2.4,2.50276,2.3353,0.18
2019-01-24,2.25,2.5,2.72,5.5,2.41,2.50243,2.33765,0.16
2019-01-25,2.25,2.5,2.76,5.5,2.4,2.50243,2.34011,0.16
2019-01-26,2.25,2.5,2.76,5.5,2.4,2.50243,2.34011,0.16
2019-01-27,2.25,2.5,2.76,5.5,2.4,2.50243,2.34011,0.16
2019-01-28,2.25,2.5,2.75,5.5,2.39,2.49775,2.34726,0.15
2019-01-29,2.25,2.5,2.72,5.5,2.4,2.49541,2.3496,0.16
2019-01-30,2.25,2.5,2.7,5.5,2.39,2.49341,2.35161,0.18
2019-01-31,2.25,2.5,2.63,5.5,2.58,2.47304,2.35351,0.18
2019-02-01,2.25,2.5,2.7,5.5,2.47,2.45902,2.35721,0.18
2019-02-02,2.25,2.5,2.7,5.5,2.47,2.45902,2.35721,0.18
2019-02-03,2.25,2.5,2.7,5.5,2.47,2.45902,2.35721,0.18
2019-02-04,2.25,2.5,2.73,5.5,2.4,2.42929,2.36469,0.2
2019-02-05,2.25,2.5,2.71,5.5,2.4,2.42762,2.3667,0.18
2019-02-06,2.25,2.5,2.7,5.5,2.38,2.42595,2.36916,0.18
2019-02-07,2.25,2.5,2.65,5.5,2.38,2.42495,2.37106,0.17
2019-02-08,2.25,2.5,2.63,5.5,2.37,2.42361,2.37308,0.18
2019-02-09,2.25,2.5,2.63,5.5,2.37,2.42361,2.37308,0.18
2019-02-10,2.25,2.5,2.63,5.5,2.37,2.42361,2.37308,0.18
2019-02-11,2.25,2.5,2.65,5.5,2.4,2.4176,2.37878,0.17
2019-02-12,2.25,2.5,2.68,5.5,2.39,2.41727,2.38101,0.18
2019-02-13,2.25,2.5,2.71,5.5,2.38,2.4166,2.38313,0.18
2019-02-14,2.25,2.5,2.66,5.5,2.39,2.41593,2.38425,0.16
2019-02-15,2.25,2.5,2.66,5.5,2.43,2.4136,2.38571,0.14
2019-02-16,2.25,2.5,2.66,5.5,2.43,2.4136,2.38571,0.14
2019-02-17,2.25,2.5,2.66,5.5,2.43,2.4136,2.38571,0.14
2019-02-18,2.25,2.5,2.66,5.5,2.43,2.4136,2.38571,0.14
2019-02-19,2.25,2.5,2.65,5.5,2.4,2.41493,2.39419,0.15
2019-02-20,2.25,2.5,2.65,5.5,2.39,2.41426,2.39665,0.15
2019-02-21,2.25,2.5,2.69,5.5,2.39,2.41326,2.399,0.16
2019-02-22,2.25,2.5,2.65,5.5,2.4,2.41259,2.40079,0.17
2019-02-23,2.25,2.5,2.65,5.5,2.4,2.41259,2.40079,0.17
2019-02-24,2.25,2.5,2.65,5.5,2.4,2.41259,2.40079,0.17
2019-02-25,2.25,2.5,2.67,5.5,2.38,2.41225,2.40682,0.16
2019-02-26,2.25,2.5,2.64,5.5,2.38,2.41159,2.40895,0.16
2019-02-27,2.25,2.5,2.69,5.5,2.37,2.41092,2.41107,0.19
2019-02-28,2.25,2.5,2.73,5.5,2.58,2.41026,2.41252,0.21
2019-03-01,2.25,2.5,2.76,5.5,2.38,2.41627,2.41588,0.21
2019-03-02,2.25,2.5,2.76,5.5,2.38,2.41627,2.41588,0.21
2019-03-03,2.25,2.5,2.76,5.5,2.38,2.41627,2.41588,0.21
2019-03-04,2.25,2.5,2.72,5.5,2.38,2.40624,2.41979,0.17
2019-03-05,2.25,2.5,2.72,5.5,2.38,2.40324,2.42102,0.17
2019-03-06,2.25,2.5,2.69,5.5,2.38,2.40024,2.42225,0.17
2019-03-07,2.25,2.5,2.64,5.5,2.38,2.39957,2.4227,0.17
2019-03-08,2.25,2.5,2.62,5.5,2.39,2.3989,2.42359,0.17
2019-03-09,2.25,2.5,2.62,5.5,2.39,2.3989,2.42359,0.17
2019-03-10,2.25,2.5,2.62,5.5,2.39,2.3989,2.42359,0.17
2019-03-11,2.25,2.5,2.64,5.5,2.38,2.40023,2.4275,0.17
2019-03-12,2.25,2.5,2.61,5.5,2.39,2.40057,2.42963,0.16
2019-03-13,2.25,2.5,2.61,5.5,2.4,2.40124,2.43175,0.16
2019-03-14,2.25,2.5,2.63,5.5,2.42,2.40124,2.43387,0.17
2019-03-15,2.25,2.5,2.59,5.5,2.46,2.40224,2.43623,0.16
2019-03-16,2.25,2.5,2.59,5.5,2.46,2.40224,2.43623,0.16
2019-03-17,2.25,2.5,2.59,5.5,2.46,2.40224,2.43623,0.16
2019-03-18,2.25,2.5,2.6,5.5,2.41,2.40825,2.44349,0.15
2019-03-19,2.25,2.5,2.61,5.5,2.42,2.4076,2.44449,0.15
2019-03-20,2.25,2.5,2.54,5.5,2.47,2.40727,2.44583,0.14
2019-03-21,2.25,2.5,2.54,5.5,2.44,2.4086,2.4465,0.13
2019-03-22,2.25,2.5,2.44,5.5,2.4,2.40994,2.44696,0.13
2019-03-23,2.25,2.5,2.44,5.5,2.4,2.40994,2.44696,0.13
2019-03-24,2.25,2.5,2.44,5.5,2.4,2.40994,2.44696,0.13
2019-03-25,2.25,2.5,2.43,5.5,2.4,2.4106,2.44684,0.17
2019-03-26,2.25,2.5,2.41,5.5,2.4,2.41061,2.44673,0.17
2019-03-27,2.25,2.5,2.39,5.5,2.4,2.41061,2.44628,0.17
2019-03-28,2.25,2.5,2.39,5.5,2.43,2.41127,2.44584,0.16
2019-03-29,2.25,2.5,2.41,5.5,2.65,2.41294,2.4455,0.14
2019-03-30,2.25,2.5,2.41,5.5,2.65,2.41294,2.4455,0.14
2019-03-31,2.25,2.5,2.41,5.5,2.65,2.41294,2.4455,0.14
2019-04-01,2.25,2.5,2.49,5.5,2.46,2.43364,2.44584,0.16
2019-04-02,2.25,2.5,2.48,5.5,2.46,2.43632,2.4398,0.18
2019-04-03,2.25,2.5,2.52,5.5,2.47,2.43899,2.43209,0.19
2019-04-04,2.25,2.5,2.51,5.5,2.46,2.442,2.42952,0.18
2019-04-05,2.25,2.5,2.5,5.5,2.46,2.44467,2.42963,0.15
2019-04-06,2.25,2.5,2.5,5.5,2.46,2.44467,2.42963,0.15
2019-04-07,2.25,2.5,2.5,5.5,2.46,2.44467,2.42963,0.15
2019-04-08,2.25,2.5,2.52,5.5,2.46,2.45234,2.43041,0.16
2019-04-09,2.25,2.5,2.51,5.5,2.45,2.45469,2.43086,0.16
2019-04-10,2.25,2.5,2.48,5.5,2.45,2.45669,2.43086,0.17
2019-04-11,2.25,2.5,2.51,5.5,2.44,2.45903,2.43108,0.16
2019-04-12,2.25,2.5,2.56,5.5,2.44,2.4607,2.43142,0.16
2019-04-13,2.25,2.5,2.56,5.5,2.44,2.4607,2.43142,0.16
2019-04-14,2.25,2.5,2.56,5.5,2.44,2.4607,2.43142,0.16
2019-04-15,2.25,2.5,2.55,5.5,2.47,2.46203,2.43254,0.15
2019-04-16,2.25,2.5,2.6,5.5,2.47,2.46237,2.43265,0.19
2019-04-17,2.25,2.5,2.59,5.5,2.5,2.4627,2.43309,0.19
2019-04-18,2.25,2.5,2.57,5.5,2.5,2.46571,2.4341,0.19
2019-04-19,2.25,2.5,2.57,5.5,2.5,2.46571,2.4341,0.19
2019-04-20,2.25,2.5,2.57,5.5,2.5,2.46571,2.4341,0.19
2019-04-21,2.25,2.5,2.57,5.5,2.5,2.46571,2.4341,0.19
2019-04-22,2.25,2.5,2.59,5.5,2.46,2.4747,2.43768,0.21
2019-04-23,2.25,2.5,2.57,5.5,2.46,2.47671,2.43824,0.21
2019-04-24,2.25,2.5,2.53,5.5,2.44,2.47872,2.43891,0.21
2019-04-25,2.25,2.5,2.54,5.5,2.45,2.48005,2.43924,0.21
2019-04-26,2.25,2.5,2.51,5.5,2.46,2.48172,2.4398,0.23
2019-04-27,2.25,2.5,2.51,5.5,2.46,2.48172,2.4398,0.23
2019-04-28,2.25,2.5,2.51,5.5,2.46,2.48172,2.4398,0.23
2019-04-29,2.25,2.5,2.54,5.5,2.48,2.47838,2.44192,0.24
2019-04-30,2.25,2.5,2.51,5.5,2.76,2.47271,2.44282,0.24
2019-05-01,2.25,2.5,2.52,5.5,2.54,2.47638,2.44695,0.21
2019-05-02,2.25,2.5,2.55,5.5,2.5,2.47905,2.44651,0.2
2019-05-03,2.25,2.5,2.54,5.5,2.43,2.48039,2.44685,0.21
2019-05-04,2.25,2.5,2.54,5.5,2.43,2.48039,2.44685,0.21
2019-05-05,2.25,2.5,2.54,5.5,2.43,2.48039,2.44685,0.21
2019-05-06,2.25,2.5,2.51,5.5,2.42,2.47704,2.44628,0.2
2019-05-07,2.25,2.5,2.45,5.5,2.44,2.47571,2.44651,0.17
2019-05-08,2.25,2.5,2.49,5.5,2.43,2.47505,2.44718,0.19
2019-05-09,2.25,2.5,2.45,5.5,2.41,2.47404,2.44774,0.19
2019-05-10,2.25,2.5,2.47,5.5,2.4,2.47271,2.44819,0.21
2019-05-11,2.25,2.5,2.47,5.5,2.4,2.47271,2.44819,0.21
2019-05-12,2.25,2.5,2.47,5.5,2.4,2.47271,2.44819,0.21
2019-05-13,2.25,2.5,2.4,5.5,2.38,2.46836,2.44886,0.22
2019-05-14,2.25,2.5,2.42,5.5,2.39,2.46636,2.44874,0.22
2019-05-15,2.25,2.5,2.37,5.5,2.48,2.46469,2.44886,0.21
2019-05-16,2.25,2.5,2.4,5.5,2.43,2.46503,2.44986,0.2
2019-05-17,2.25,2.5,2.39,5.5,2.42,2.46369,2.44987,0.19
2019-05-18,2.25,2.5,2.39,5.5,2.42,2.46369,2.44987,0.19
2019-05-19,2.25,2.5,2.39,5.5,2.42,2.46369,2.44987,0.19
2019-05-20,2.25,2.5,2.41,5.5,2.39,2.45569,2.44953,0.2
2019-05-21,2.25,2.5,2.43,5.5,2.38,2.45202,2.44942,0.17
2019-05-22,2.25,2.5,2.39,5.5,2.37,2.44801,2.44931,0.16
2019-05-23,2.25,2.5,2.31,5.5,2.37,2.44501,2.44908,0.19
2019-05-24,2.25,2.5,2.32,5.5,2.37,2.442,2.44875,0.16
2019-05-25,2.25,2.5,2.32,5.5,2.37,2.442,2.44875,0.16
2019-05-26,2.25,2.5,2.32,5.5,2.37,2.442,2.44875,0.16
2019-05-27,2.25,2.5,2.32,5.5,2.37,2.442,2.44875,0.16
2019-05-28,2.25,2.5,2.26,5.5,2.41,2.43096,2.44785,0.14
2019-05-29,2.25,2.5,2.25,5.5,2.4,2.42929,2.4483,0.16
2019-05-30,2.25,2.5,2.22,5.5,2.4,2.42662,2.44628,0.16
2019-05-31,2.25,2.5,2.14,5.5,2.49,2.4146,2.44651,0.19
2019-06-01,2.25,2.5,2.14,5.5,2.49,2.4146,2.44651,0.19
2019-06-02,2.25,2.5,2.14,5.5,2.49,2.4146,2.44651,0.19
2019-06-03,2.25,2.5,2.07,5.5,2.4,2.41459,2.4502,0.25
2019-06-04,2.25,2.5,2.12,5.5,2.39,2.4136,2.45042,0.24
2019-06-05,2.25,2.5,2.12,5.5,2.4,2.41226,2.45053,0.29
2019-06-06,2.25,2.5,2.12,5.5,2.4,2.41159,2.45076,0.24
2019-06-07,2.25,2.5,2.09,5.5,2.39,2.41026,2.45087,0.24
2019-06-08,2.25,2.5,2.09,5.5,2.39,2.41026,2.45087,0.24
2019-06-09,2.25,2.5,2.09,5.5,2.39,2.41026,2.45087,0.24
2019-06-10,2.25,2.5,2.15,5.5,2.39,2.40791,2.45098,0.25
2019-06-11,2.25,2.5,2.15,5.5,2.38,2.40758,2.45098,0.22
2019-06-12,2.25,2.5,2.13,5.5,2.37,2.40692,2.45076,0.25
2019-06-13,2.25,2.5,2.1,5.5,2.35,2.40658,2.4502,0.27
2019-06-14,2.25,2.5,2.09,5.5,2.35,2.40525,2.44897,0.25
2019-06-15,2.25,2.5,2.09,5.5,2.35,2.40525,2.44897,0.25
2019-06-16,2.25,2.5,2.09,5.5,2.35,2.40525,2.44897,0.25
2019-06-17,2.25,2.5,2.09,5.5,2.41,2.39589,2.44584,0.23
2019-06-18,2.25,2.5,2.06,5.5,2.39,2.39556,2.44573,0.2
2019-06-19,2.25,2.5,2.03,5.5,2.36,2.39456,2.44483,0.29
2019-06-20,2.25,2.5,2.01,5.5,2.36,2.39356,2.44394,0.29
2019-06-21,2.25,2.5,2.07,5.5,2.37,2.39289,2.44349,0.3
2019-06-22,2.25,2.5,2.07,5.5,2.37,2.39289,2.44349,0.3
2019-06-23,2.25,2.5,2.07,5.5,2.37,2.39289,2.44349,0.3
2019-06-24,2.25,2.5,2.02,5.5,2.39,2.39289,2.44248,0.3
2019-06-25,2.25,2.5,2,5.5,2.41,2.39357,2.44237,0.29
2019-06-26,2.25,2.5,2.05,5.5,2.43,2.39491,2.44248,0.28
2019-06-27,2.25,2.5,2.01,5.5,2.42,2.39691,2.44248,0.27
2019-06-28,2.25,2.5,2,5.5,2.5,2.39725,2.43992,0.25
2019-06-29,2.25,2.5,2,5.5,2.5,2.39725,2.43992,0.25
2019-06-30,2.25,2.5,2,5.5,2.5,2.39725,2.43992,0.25
2019-07-01,2.25,2.5,2.03,5.5,2.42,2.40426,2.43701,0.25
2019-07-02,2.25,2.5,1.98,5.5,2.51,2.40192,2.43656,0.21
2019-07-03,2.25,2.5,1.96,5.5,2.56,2.40259,2.43701,0.19
2019-07-04,2.25,2.5,1.96,5.5,2.56,2.40259,2.43701,0.19
2019-07-05,2.25,2.5,2.04,5.5,2.59,2.41361,2.43924,0.17
2019-07-06,2.25,2.5,2.04,5.5,2.59,2.41361,2.43924,0.17
2019-07-07,2.25,2.5,2.04,5.5,2.59,2.41361,2.43924,0.17
2019-07-08,2.25,2.5,2.05,5.5,2.48,2.43297,2.4436,0.17
2019-07-09,2.25,2.5,2.07,5.5,2.45,2.43598,2.44394,0.15
2019-07-10,2.25,2.5,2.07,5.5,2.46,2.43798,2.44394,0.25
2019-07-11,2.25,2.5,2.13,5.5,2.41,2.44032,2.44416,0.28
2019-07-12,2.25,2.5,2.12,5.5,2.36,2.44132,2.44383,0.28
2019-07-13,2.25,2.5,2.12,5.5,2.36,2.44132,2.44383,0.28
2019-07-14,2.25,2.5,2.12,5.5,2.36,2.44132,2.44383,0.28
2019-07-15,2.25,2.5,2.09,5.5,2.46,2.44165,2.44081,0.26
2019-07-16,2.25,2.5,2.13,5.5,2.47,2.44533,2.44069,0.26
2019-07-17,2.25,2.5,2.06,5.5,2.47,2.44934,2.44036,0.23
2019-07-18,2.25,2.5,2.04,5.5,2.46,2.45134,2.44003,0.27
2019-07-19,2.25,2.5,2.05,5.5,2.41,2.45368,2.43959,0.25
2019-07-20,2.25,2.5,2.05,5.5,2.41,2.45368,2.43959,0.25
2019-07-21,2.25,2.5,2.05,5.5,2.41,2.45368,2.43959,0.25
2019-07-22,2.25,2.5,2.05,5.5,2.4,2.45835,2.43701,0.25
2019-07-23,2.25,2.5,2.08,5.5,2.4,2.45936,2.43634,0.25
2019-07-24,2.25,2.5,2.05,5.5,2.41,2.46036,2.43589,0.22
2019-07-25,2.25,2.5,2.08,5.5,2.42,2.46103,2.43545,0.22
2019-07-26,2.25,2.5,2.08,5.5,2.41,2.46136,2.435,0.22
2019-07-27,2.25,2.5,2.08,5.5,2.41,2.46136,2.435,0.22
2019-07-28,2.25,2.5,2.08,5.5,2.41,2.46136,2.435,0.22
2019-07-29,2.25,2.5,2.06,5.5,2.4,2.45735,2.4331,0.21
2019-07-30,2.25,2.5,2.06,5.5,2.39,2.45402,2.42908,0.21
2019-07-31,2.25,2.5,2.02,5.5,2.55,2.45034,2.4274,0.13
2019-08-01,2,2.25,1.9,5.25,2.19,2.45468,2.42796,0.17
2019-08-02,2,2.25,1.86,5.25,2.19,2.444,2.42528,0.14
2019-08-03,2,2.25,1.86,5.25,2.19,2.444,2.42528,0.14
2019-08-04,2,2.25,1.86,5.25,2.19,2.444,2.42528,0.14
2019-08-05,2,2.25,1.75,5.25,2.13,2.40593,2.41734,0.16
2019-08-06,2,2.25,1.73,5.25,2.11,2.39057,2.41387,0.13
2019-08-07,2,2.25,1.71,5.25,2.1,2.37454,2.4103,0.12
2019-08-08,2,2.25,1.72,5.25,2.09,2.36185,2.40683,0.1
2019-08-09,2,2.25,1.74,5.25,2.11,2.34983,2.40337,0.11
2019-08-10,2,2.25,1.74,5.25,2.11,2.34983,2.40337,0.11
2019-08-11,2,2.25,1.74,5.25,2.11,2.34983,2.40337,0.11
2019-08-12,2,2.25,1.65,5.25,2.12,2.31977,2.39387,0.07
2019-08-13,2,2.25,1.68,5.25,2.16,2.31176,2.39085,0.02
2019-08-14,2,2.25,1.59,5.25,2.13,2.30508,2.38727,0.01
2019-08-15,2,2.25,1.52,5.25,2.18,2.29406,2.38392,0.04
2019-08-16,2,2.25,1.55,5.25,2.13,2.28437,2.38124,0.07
2019-08-17,2,2.25,1.55,5.25,2.13,2.28437,2.38124,0.07
2019-08-18,2,2.25,1.55,5.25,2.13,2.28437,2.38124,0.07
2019-08-19,2,2.25,1.6,5.25,2.11,2.25265,2.37185,0.07
2019-08-20,2,2.25,1.55,5.25,2.13,2.24264,2.36883,0.05
2019-08-21,2,2.25,1.59,5.25,2.1,2.23329,2.36615,0.03
2019-08-22,2,2.25,1.62,5.25,2.09,2.22327,2.36313,0.01
2019-08-23,2,2.25,1.52,5.25,2.1,2.21292,2.36001,0.01
2019-08-24,2,2.25,1.52,5.25,2.1,2.21292,2.36001,0.01
2019-08-25,2,2.25,1.52,5.25,2.1,2.21292,2.36001,0.01
2019-08-26,2,2.25,1.54,5.25,2.1,2.18153,2.35096,0
2019-08-27,2,2.25,1.49,5.25,2.15,2.17118,2.34749,-0.04
2019-08-28,2,2.25,1.47,5.25,2.12,2.1625,2.3447,-0.03
2019-08-29,2,2.25,1.5,5.25,2.12,2.15315,2.34157,-0.03
2019-08-30,2,2.25,1.5,5.25,2.16,2.14413,2.33744,0
2019-08-31,2,2.25,1.5,5.25,2.16,2.14413,2.33744,0
2019-09-01,2,2.25,1.5,5.25,2.16,2.14413,2.33744,0
2019-09-02,2,2.25,1.5,5.25,2.16,2.14413,2.33744,0
2019-09-03,2,2.25,1.47,5.25,2.17,2.12809,2.32481,0
2019-09-04,2,2.25,1.47,5.25,2.21,2.12742,2.32224,0.04
2019-09-05,2,2.25,1.57,5.25,2.21,2.1301,2.32011,0.02
2019-09-06,2,2.25,1.55,5.25,2.15,2.13343,2.3181,0.02
2019-09-07,2,2.25,1.55,5.25,2.15,2.13343,2.3181,0.02
2019-09-08,2,2.25,1.55,5.25,2.15,2.13343,2.3181,0.02
2019-09-09,2,2.25,1.63,5.25,2.12,2.13844,2.31006,0.05
2019-09-10,2,2.25,1.72,5.25,2.14,2.13878,2.30715,0.05
2019-09-11,2,2.25,1.75,5.25,2.15,2.13978,2.30458,0.07
2019-09-12,2,2.25,1.79,5.25,2.2,2.14078,2.30235,0.07
2019-09-13,2,2.25,1.9,5.25,2.2,2.14212,2.30067,0.11
2019-09-14,2,2.25,1.9,5.25,2.2,2.14212,2.30067,0.11
2019-09-15,2,2.25,1.9,5.25,2.2,2.14212,2.30067,0.11
2019-09-16,2,2.25,1.84,5.25,2.43,2.14745,2.29497,0.1
2019-09-17,2,2.25,1.81,5.25,5.25,2.15747,2.29542,0.09
2019-09-18,2,2.25,1.8,5.25,2.55,2.26166,2.32771,0.03
2019-09-19,1.75,2,1.79,5,1.95,2.27635,2.32984,0.05
2019-09-20,1.75,2,1.74,5,1.86,2.27034,2.32515,0.05
2019-09-21,1.75,2,1.74,5,1.86,2.27034,2.32515,0.05
2019-09-22,1.75,2,1.74,5,1.86,2.27034,2.32515,0.05
2019-09-23,1.75,2,1.72,5,1.85,2.24663,2.30782,0.04
2019-09-24,1.75,2,1.64,5,1.96,2.23828,2.30156,0.04
2019-09-25,1.75,2,1.73,5,2.01,2.23361,2.29631,0.05
2019-09-26,1.75,2,1.7,5,1.85,2.2306,2.29173,0.04
2019-09-27,1.75,2,1.69,5,1.82,2.22058,2.28447,0.06
2019-09-28,1.75,2,1.69,5,1.82,2.22058,2.28447,0.06
2019-09-29,1.75,2,1.69,5,1.82,2.22058,2.28447,0.06
2019-09-30,1.75,2,1.68,5,2.35,2.1892,2.26257,0.05
2019-10-01,1.75,2,1.65,5,1.88,2.19555,2.26078,0.09
2019-10-02,1.75,2,1.6,5,1.85,2.18621,2.25319,0.12
2019-10-03,1.75,2,1.54,5,1.84,2.17585,2.24525,0.15
2019-10-04,1.75,2,1.52,5,1.82,2.16484,2.23688,0.12
2019-10-05,1.75,2,1.52,5,1.82,2.16484,2.23688,0.12
2019-10-06,1.75,2,1.52,5,1.82,2.16484,2.23688,0.12
2019-10-07,1.75,2,1.56,5,1.83,2.12777,2.2123,0.1
2019-10-08,1.75,2,1.54,5,1.85,2.11709,2.20537,0.12
2019-10-09,1.75,2,1.59,5,1.85,2.10707,2.19856,0.12
2019-10-10,1.75,2,1.67,5,1.85,2.09806,2.1923,0.14
2019-10-11,1.75,2,1.76,5,1.85,2.08837,2.18661,0.13
2019-10-12,1.75,2,1.76,5,1.85,2.08837,2.18661,0.13
2019-10-13,1.75,2,1.76,5,1.85,2.08837,2.18661,0.13
2019-10-14,1.75,2,1.76,5,1.85,2.08837,2.18661,0.13
2019-10-15,1.75,2,1.77,5,2,2.04329,2.16147,0.16
2019-10-16,1.75,2,1.75,5,2.05,2.03662,2.15622,0.17
2019-10-17,1.75,2,1.76,5,1.95,2.02393,2.15164,0.16
2019-10-18,1.75,2,1.76,5,1.88,1.91376,2.1465,0.18
2019-10-19,1.75,2,1.76,5,1.88,1.91376,2.1465,0.18
2019-10-20,1.75,2,1.76,5,1.88,1.91376,2.1465,0.18
2019-10-21,1.75,2,1.8,5,1.86,1.88972,2.12886,0.18
2019-10-22,1.75,2,1.78,5,1.87,1.88972,2.12282,0.18
2019-10-23,1.75,2,1.77,5,1.87,1.89006,2.11679,0.19
2019-10-24,1.75,2,1.77,5,1.86,1.89072,2.11065,0.19
2019-10-25,1.75,2,1.8,5,1.84,1.88739,2.10451,0.17
2019-10-26,1.75,2,1.8,5,1.84,1.88739,2.10451,0.17
2019-10-27,1.75,2,1.8,5,1.84,1.88739,2.10451,0.17
2019-10-28,1.75,2,1.85,5,1.82,1.88204,2.08552,0.21
2019-10-29,1.75,2,1.84,5,1.81,1.88204,2.07916,0.2
2019-10-30,1.75,2,1.78,5,1.82,1.88171,2.07089,0.17
2019-10-31,1.5,1.75,1.69,4.75,1.76,1.86402,2.06676,0.17
2019-11-01,1.5,1.75,1.73,4.75,1.58,1.86001,2.06196,0.17
2019-11-02,1.5,1.75,1.73,4.75,1.58,1.86001,2.06196,0.17
2019-11-03,1.5,1.75,1.73,4.75,1.58,1.86001,2.06196,0.17
2019-11-04,1.5,1.75,1.79,4.75,1.56,1.83431,2.04219,0.19
2019-11-05,1.5,1.75,1.86,4.75,1.58,1.82563,2.03605,0.23
2019-11-06,1.5,1.75,1.81,4.75,1.57,1.81762,2.03024,0.2
2019-11-07,1.5,1.75,1.92,4.75,1.56,1.80894,2.02444,0.24
2019-11-08,1.5,1.75,1.94,4.75,1.56,1.79926,2.0183,0.26
2019-11-09,1.5,1.75,1.94,4.75,1.56,1.79926,2.0183,0.26
2019-11-10,1.5,1.75,1.94,4.75,1.56,1.79926,2.0183,0.26
2019-11-11,1.5,1.75,1.94,4.75,1.56,1.79926,2.0183,0.26
2019-11-12,1.5,1.75,1.92,4.75,1.57,1.76054,1.99306,0.26
2019-11-13,1.5,1.75,1.88,4.75,1.57,1.75119,1.98681,0.25
2019-11-14,1.5,1.75,1.82,4.75,1.58,1.74185,1.98,0.24
2019-11-15,1.5,1.75,1.84,4.75,1.59,1.72783,1.97386,0.23
2019-11-16,1.5,1.75,1.84,4.75,1.59,1.72783,1.97386,0.23
2019-11-17,1.5,1.75,1.84,4.75,1.59,1.72783,1.97386,0.23
2019-11-18,1.5,1.75,1.81,4.75,1.56,1.69078,1.95599,0.21
2019-11-19,1.5,1.75,1.79,4.75,1.57,1.6801,1.94963,0.19
2019-11-20,1.5,1.75,1.73,4.75,1.57,1.66975,1.94371,0.17
2019-11-21,1.5,1.75,1.77,4.75,1.58,1.66007,1.93791,0.17
2019-11-22,1.5,1.75,1.77,4.75,1.58,1.65039,1.9321,0.16
2019-11-23,1.5,1.75,1.77,4.75,1.58,1.65039,1.9321,0.16
2019-11-24,1.5,1.75,1.77,4.75,1.58,1.65039,1.9321,0.16
2019-11-25,1.5,1.75,1.76,4.75,1.56,1.62269,1.91469,0.15
2019-11-26,1.5,1.75,1.74,4.75,1.54,1.61335,1.9081,0.16
2019-11-27,1.5,1.75,1.77,4.75,1.55,1.60333,1.90162,0.14
2019-11-28,1.5,1.75,1.77,4.75,1.55,1.60333,1.90162,0.14
2019-11-29,1.5,1.75,1.78,4.75,1.65,1.58564,1.88846,0.17
2019-11-30,1.5,1.75,1.78,4.75,1.65,1.58564,1.88846,0.17
2019-12-01,1.5,1.75,1.78,4.75,1.65,1.58564,1.88846,0.17
2019-12-02,1.5,1.75,1.83,4.75,1.63,1.57863,1.87138,0.22
2019-12-03,1.5,1.75,1.72,4.75,1.55,1.5803,1.86535,0.19
2019-12-04,1.5,1.75,1.77,4.75,1.54,1.5793,1.85798,0.19
2019-12-05,1.5,1.75,1.8,4.75,1.55,1.57863,1.85051,0.22
2019-12-06,1.5,1.75,1.84,4.75,1.55,1.57763,1.84381,0.23
2019-12-07,1.5,1.75,1.84,4.75,1.55,1.57763,1.84381,0.23
2019-12-08,1.5,1.75,1.84,4.75,1.55,1.57763,1.84381,0.23
2019-12-09,1.5,1.75,1.83,4.75,1.56,1.5763,1.82405,0.2
2019-12-10,1.5,1.75,1.85,4.75,1.55,1.5763,1.81758,0.2
2019-12-11,1.5,1.75,1.79,4.75,1.54,1.57597,1.81088,0.18
2019-12-12,1.5,1.75,1.9,4.75,1.53,1.5753,1.80352,0.24
2019-12-13,1.5,1.75,1.82,4.75,1.54,1.57397,1.79604,0.21
2019-12-14,1.5,1.75,1.82,4.75,1.54,1.57397,1.79604,0.21
2019-12-15,1.5,1.75,1.82,4.75,1.54,1.57397,1.79604,0.21
2019-12-16,1.5,1.75,1.89,4.75,1.62,1.56996,1.77138,0.24
2019-12-17,1.5,1.75,1.89,4.75,1.54,1.57096,1.73087,0.26
2019-12-18,1.5,1.75,1.92,4.75,1.53,1.56929,1.7196,0.29
2019-12-19,1.5,1.75,1.92,4.75,1.53,1.56829,1.71492,0.3
2019-12-20,1.5,1.75,1.92,4.75,1.53,1.56696,1.71124,0.29
2019-12-21,1.5,1.75,1.92,4.75,1.53,1.56696,1.71124,0.29
2019-12-22,1.5,1.75,1.92,4.75,1.53,1.56696,1.71124,0.29
2019-12-23,1.5,1.75,1.93,4.75,1.52,1.56228,1.7003,0.29
2019-12-24,1.5,1.75,1.9,4.75,1.52,1.56028,1.69539,0.28
2019-12-25,1.5,1.75,1.9,4.75,1.52,1.56028,1.69539,0.28
2019-12-26,1.5,1.75,1.9,4.75,1.52,1.55694,1.68624,0.26
2019-12-27,1.5,1.75,1.88,4.75,1.53,1.55628,1.6829,0.29
2019-12-28,1.5,1.75,1.88,4.75,1.53,1.55628,1.6829,0.29
2019-12-29,1.5,1.75,1.88,4.75,1.53,1.55628,1.6829,0.29
2019-12-30,1.5,1.75,1.9,4.75,1.54,1.55094,1.66728,0.32
2019-12-31,1.5,1.75,1.92,4.75,1.55,1.54727,1.66348,0.34
2020-01-01,1.5,1.75,1.92,4.75,1.55,1.54727,1.66348,0.34
2020-01-02,1.5,1.75,1.88,4.75,1.54,1.54126,1.6569,0.3
2020-01-03,1.5,1.75,1.8,4.75,1.55,1.54092,1.65378,0.27
2020-01-04,1.5,1.75,1.8,4.75,1.55,1.54092,1.65378,0.27
2020-01-05,1.5,1.75,1.8,4.75,1.55,1.54092,1.65378,0.27
2020-01-06,1.5,1.75,1.81,4.75,1.55,1.54126,1.64463,0.27
2020-01-07,1.5,1.75,1.83,4.75,1.56,1.54126,1.64128,0.29
2020-01-08,1.5,1.75,1.87,4.75,1.55,1.54159,1.63805,0.29
2020-01-09,1.5,1.75,1.85,4.75,1.55,1.54126,1.6347,0.27
2020-01-10,1.5,1.75,1.83,4.75,1.55,1.54126,1.63135,0.27
2020-01-11,1.5,1.75,1.83,4.75,1.55,1.54126,1.63135,0.27
2020-01-12,1.5,1.75,1.83,4.75,1.55,1.54126,1.63135,0.27
2020-01-13,1.5,1.75,1.85,4.75,1.54,1.54259,1.62132,0.27
2020-01-14,1.5,1.75,1.82,4.75,1.55,1.54259,1.61618,0.24
2020-01-15,1.5,1.75,1.79,4.75,1.56,1.54293,1.61061,0.23
2020-01-16,1.5,1.75,1.81,4.75,1.55,1.54092,1.60626,0.23
2020-01-17,1.5,1.75,1.84,4.75,1.54,1.54126,1.60258,0.26
2020-01-18,1.5,1.75,1.84,4.75,1.54,1.54126,1.60258,0.26
2020-01-19,1.5,1.75,1.84,4.75,1.54,1.54126,1.60258,0.26
2020-01-20,1.5,1.75,1.84,4.75,1.54,1.54126,1.60258,0.26
2020-01-21,1.5,1.75,1.78,4.75,1.54,1.54259,1.58774,0.25
2020-01-22,1.5,1.75,1.77,4.75,1.54,1.54292,1.58406,0.24
2020-01-23,1.5,1.75,1.74,4.75,1.54,1.54359,1.58049,0.23
2020-01-24,1.5,1.75,1.7,4.75,1.53,1.54426,1.57714,0.21
2020-01-25,1.5,1.75,1.7,4.75,1.53,1.54426,1.57714,0.21
2020-01-26,1.5,1.75,1.7,4.75,1.53,1.54426,1.57714,0.21
2020-01-27,1.5,1.75,1.61,4.75,1.53,1.54492,1.56699,0.17
2020-01-28,1.5,1.75,1.65,4.75,1.53,1.54493,1.56387,0.2
2020-01-29,1.5,1.75,1.6,4.75,1.53,1.54493,1.56063,0.18
2020-01-30,1.5,1.75,1.57,4.75,1.58,1.54459,1.55807,0.16
2020-01-31,1.5,1.75,1.51,4.75,1.6,1.5456,1.55807,0.18
2020-02-01,1.5,1.75,1.51,4.75,1.6,1.5456,1.55807,0.18
2020-02-02,1.5,1.75,1.51,4.75,1.6,1.5456,1.55807,0.18
2020-02-03,1.5,1.75,1.54,4.75,1.59,1.55093,1.55896,0.18
2020-02-04,1.5,1.75,1.61,4.75,1.6,1.55227,1.55907,0.2
2020-02-05,1.5,1.75,1.66,4.75,1.59,1.55394,1.55941,0.22
2020-02-06,1.5,1.75,1.65,4.75,1.59,1.55527,1.55974,0.21
2020-02-07,1.5,1.75,1.59,4.75,1.58,1.55627,1.56008,0.18
2020-02-08,1.5,1.75,1.59,4.75,1.58,1.55627,1.56008,0.18
2020-02-09,1.5,1.75,1.59,4.75,1.58,1.55627,1.56008,0.18
2020-02-10,1.5,1.75,1.56,4.75,1.58,1.55928,1.56075,0.19
2020-02-11,1.5,1.75,1.59,4.75,1.58,1.56028,1.56086,0.18
2020-02-12,1.5,1.75,1.62,4.75,1.57,1.56128,1.56097,0.18
2020-02-13,1.5,1.75,1.61,4.75,1.57,1.56228,1.56086,0.17
2020-02-14,1.5,1.75,1.59,4.75,1.58,1.56295,1.56064,0.17
2020-02-15,1.5,1.75,1.59,4.75,1.58,1.56295,1.56064,0.17
2020-02-16,1.5,1.75,1.59,4.75,1.58,1.56295,1.56064,0.17
2020-02-17,1.5,1.75,1.59,4.75,1.58,1.56295,1.56064,0.17
2020-02-18,1.5,1.75,1.55,4.75,1.6,1.56729,1.56074,0.14
2020-02-19,1.5,1.75,1.56,4.75,1.59,1.56929,1.56108,0.14
2020-02-20,1.5,1.75,1.52,4.75,1.6,1.57096,1.56119,0.13
2020-02-21,1.5,1.75,1.46,4.75,1.58,1.57296,1.56142,0.12
2020-02-22,1.5,1.75,1.46,4.75,1.58,1.57296,1.56142,0.12
2020-02-23,1.5,1.75,1.46,4.75,1.58,1.57296,1.56142,0.12
2020-02-24,1.5,1.75,1.38,4.75,1.58,1.5773,1.56164,0.12
2020-02-25,1.5,1.75,1.33,4.75,1.59,1.57897,1.56208,0.13
2020-02-26,1.5,1.75,1.33,4.75,1.58,1.58097,1.56253,0.17
2020-02-27,1.5,1.75,1.3,4.75,1.58,1.58264,1.56286,0.19
2020-02-28,1.5,1.75,1.13,4.75,1.6,1.58431,1.56209,0.27
2020-02-29,1.5,1.75,1.13,4.75,1.6,1.58431,1.56209,0.27
2020-03-01,1.5,1.75,1.13,4.75,1.6,1.58431,1.56209,0.27
2020-03-02,1.5,1.75,1.1,4.75,1.59,1.58731,1.56063,0.26
2020-03-03,1.5,1.75,1.02,4.75,1.64,1.58698,1.56108,0.31
2020-03-04,1,1.25,1.02,4.25,1.23,1.58831,1.5622,0.35
2020-03-05,1,1.25,0.92,4.25,1.12,1.5763,1.55863,0.33
2020-03-06,1,1.25,0.74,4.25,1.1,1.56028,1.55383,0.25
2020-03-07,1,1.25,0.74,4.25,1.1,1.56028,1.55383,0.25
2020-03-08,1,1.25,0.74,4.25,1.1,1.56028,1.55383,0.25
2020-03-09,1,1.25,0.54,4.25,1.09,1.51155,1.53866,0.16
2020-03-10,1,1.25,0.76,4.25,1.11,1.4952,1.53353,0.26
2020-03-11,1,1.25,0.82,4.25,1.15,1.47952,1.52874,0.32
2020-03-12,1,1.25,0.88,4.25,1.2,1.46517,1.5245,0.38
2020-03-13,1,1.25,0.94,4.25,1.1,1.45248,1.52071,0.45
2020-03-14,1,1.25,0.94,4.25,1.1,1.45248,1.52071,0.45
2020-03-15,1,1.25,0.94,4.25,1.1,1.45248,1.52071,0.45
2020-03-16,0,0.25,0.73,3.25,0.26,1.4051,1.50509,0.37
2020-03-17,0,0.25,1.02,3.25,0.54,1.36105,1.49082,0.55
2020-03-18,0,0.25,1.18,3.25,0.1,1.32635,1.47978,0.64
2020-03-19,0,0.25,1.12,3.25,0.06,1.27697,1.46383,0.68
2020-03-20,0,0.25,0.92,3.25,0.04,1.22558,1.44744,0.55
2020-03-21,0,0.25,0.92,3.25,0.04,1.22558,1.44744,0.55
2020-03-22,0,0.25,0.92,3.25,0.04,1.22558,1.44744,0.55
2020-03-23,0,0.25,0.76,3.25,0.02,1.07044,1.39771,0.48
2020-03-24,0,0.25,0.84,3.25,0.01,1.0184,1.38099,0.46
2020-03-25,0,0.25,0.88,3.25,0.01,0.96602,1.36415,0.54
2020-03-26,0,0.25,0.83,3.25,0.01,0.91365,1.34732,0.53
2020-03-27,0,0.25,0.72,3.25,0.01,0.86095,1.33037,0.47
2020-03-28,0,0.25,0.72,3.25,0.01,0.86095,1.33037,0.47
2020-03-29,0,0.25,0.72,3.25,0.01,0.86095,1.33037,0.47
2020-03-30,0,0.25,0.7,3.25,0.01,0.70318,1.27943,0.47
2020-03-31,0,0.25,0.7,3.25,0.01,0.65016,1.26227,0.47
2020-04-01,0,0.25,0.62,3.25,0.01,0.59713,1.2451,0.39
2020-04-02,0,0.25,0.63,3.25,0.01,0.54444,1.22805,0.4
2020-04-03,0,0.25,0.62,3.25,0.01,0.49009,1.21089,0.39
2020-04-04,0,0.25,0.62,3.25,0.01,0.49009,1.21089,0.39
2020-04-05,0,0.25,0.62,3.25,0.01,0.49009,1.21089,0.39
2020-04-06,0,0.25,0.67,3.25,0.01,0.37605,1.15941,0.4
2020-04-07,0,0.25,0.75,3.25,0.01,0.33971,1.14213,0.47
2020-04-08,0,0.25,0.77,3.25,0.01,0.30336,1.12498,0.5
2020-04-09,0,0.25,0.73,3.25,0.01,0.26736,1.10782,0.5
2020-04-10,0,0.25,0.73,3.25,0.01,0.26736,1.10782,0.5
2020-04-11,0,0.25,0.73,3.25,0.01,0.26736,1.10782,0.5
2020-04-12,0,0.25,0.73,3.25,0.01,0.26736,1.10782,0.5
2020-04-13,0,0.25,0.76,3.25,0.02,0.11667,1.0393,0.51
2020-04-14,0,0.25,0.76,3.25,0.06,0.08067,1.02226,0.53
2020-04-15,0,0.25,0.63,3.25,0.03,0.046,1.00555,0.43
2020-04-16,0,0.25,0.61,3.25,0.03,0.03833,0.98862,0.41
2020-04-17,0,0.25,0.65,3.25,0.03,0.02133,0.9718,0.45
2020-04-18,0,0.25,0.65,3.25,0.03,0.02133,0.9718,0.45
2020-04-19,0,0.25,0.65,3.25,0.03,0.02133,0.9718,0.45
2020-04-20,0,0.25,0.63,3.25,0.02,0.01767,0.92136,0.43
2020-04-21,0,0.25,0.58,3.25,0.01,0.017,0.90443,0.38
2020-04-22,0,0.25,0.63,3.25,0.01,0.016,0.88739,0.41
2020-04-23,0,0.25,0.61,3.25,0.01,0.01567,0.87035,0.39
2020-04-24,0,0.25,0.6,3.25,0.03,0.01567,0.85343,0.38
2020-04-25,0,0.25,0.6,3.25,0.03,0.01567,0.85343,0.38
2020-04-26,0,0.25,0.6,3.25,0.03,0.01567,0.85343,0.38
2020-04-27,0,0.25,0.67,3.25,0.03,0.01767,0.80333,0.43
2020-04-28,0,0.25,0.62,3.25,0.01,0.01833,0.78663,0.42
2020-04-29,0,0.25,0.63,3.25,0.01,0.01833,0.76971,0.43
2020-04-30,0,0.25,0.64,3.25,0.04,0.01833,0.75223,0.44
2020-05-01,0,0.25,0.64,3.25,0.03,0.01933,0.73487,0.44
2020-05-02,0,0.25,0.64,3.25,0.03,0.01933,0.73487,0.44
2020-05-03,0,0.25,0.64,3.25,0.03,0.01933,0.73487,0.44
2020-05-04,0,0.25,0.64,3.25,0.05,0.02133,0.68255,0.45
2020-05-05,0,0.25,0.66,3.25,0.05,0.02267,0.6653,0.47
2020-05-06,0,0.25,0.72,3.25,0.05,0.024,0.64816,0.55
2020-05-07,0,0.25,0.63,3.25,0.05,0.02533,0.63103,0.5
2020-05-08,0,0.25,0.69,3.25,0.06,0.02667,0.614,0.53
2020-05-09,0,0.25,0.69,3.25,0.06,0.02667,0.614,0.53
2020-05-10,0,0.25,0.69,3.25,0.06,0.02667,0.614,0.53
2020-05-11,0,0.25,0.73,3.25,0.06,0.03167,0.56326,0.56
2020-05-12,0,0.25,0.69,3.25,0.06,0.03333,0.54635,0.52
2020-05-13,0,0.25,0.64,3.25,0.04,0.035,0.52955,0.48
2020-05-14,0,0.25,0.63,3.25,0.02,0.03567,0.51253,0.47
2020-05-15,0,0.25,0.64,3.25,0.05,0.03433,0.49518,0.48
2020-05-16,0,0.25,0.64,3.25,0.05,0.03433,0.49518,0.48
2020-05-17,0,0.25,0.64,3.25,0.05,0.03433,0.49518,0.48
2020-05-18,0,0.25,0.73,3.25,0.04,0.03633,0.44412,0.55
2020-05-19,0,0.25,0.7,3.25,0.04,0.03667,0.42677,0.53
2020-05-20,0,0.25,0.68,3.25,0.01,0.037,0.40953,0.52
2020-05-21,0,0.25,0.68,3.25,0.02,0.03667,0.39184,0.51
2020-05-22,0,0.25,0.66,3.25,0.04,0.037,0.3745,0.49
2020-05-23,0,0.25,0.66,3.25,0.04,0.037,0.3745,0.49
2020-05-24,0,0.25,0.66,3.25,0.04,0.037,0.3745,0.49
2020-05-25,0,0.25,0.66,3.25,0.04,0.037,0.3745,0.49
2020-05-26,0,0.25,0.69,3.25,0.06,0.03967,0.30588,0.51
2020-05-27,0,0.25,0.68,3.25,0.06,0.04067,0.28898,0.49
2020-05-28,0,0.25,0.7,3.25,0.06,0.04167,0.27208,0.53
2020-05-29,0,0.25,0.65,3.25,0.06,0.04333,0.25496,0.49
2020-05-30,0,0.25,0.65,3.25,0.06,0.04333,0.25496,0.49
2020-05-31,0,0.25,0.65,3.25,0.06,0.04333,0.25496,0.49
2020-06-01,0,0.25,0.66,3.25,0.06,0.04667,0.20371,0.52
2020-06-02,0,0.25,0.68,3.25,0.07,0.04767,0.18615,0.51
2020-06-03,0,0.25,0.77,3.25,0.06,0.049,0.17326,0.58
2020-06-04,0,0.25,0.82,3.25,0.07,0.04933,0.16147,0.63
2020-06-05,0,0.25,0.91,3.25,0.07,0.05,0.15002,0.69
2020-06-06,0,0.25,0.91,3.25,0.07,0.05,0.15002,0.69
2020-06-07,0,0.25,0.91,3.25,0.07,0.05,0.15002,0.69
2020-06-08,0,0.25,0.88,3.25,0.07,0.05167,0.11579,0.66
2020-06-09,0,0.25,0.84,3.25,0.08,0.052,0.10423,0.64
2020-06-10,0,0.25,0.75,3.25,0.07,0.05267,0.09234,0.58
2020-06-11,0,0.25,0.66,3.25,0.08,0.053,0.07978,0.47
2020-06-12,0,0.25,0.71,3.25,0.08,0.05367,0.06845,0.52
2020-06-13,0,0.25,0.71,3.25,0.08,0.05367,0.06845,0.52
2020-06-14,0,0.25,0.71,3.25,0.08,0.05367,0.06845,0.52
2020-06-15,0,0.25,0.71,3.25,0.09,0.058,0.04378,0.52
2020-06-16,0,0.25,0.75,3.25,0.09,0.05933,0.03878,0.54
2020-06-17,0,0.25,0.74,3.25,0.09,0.06067,0.03867,0.55
2020-06-18,0,0.25,0.71,3.25,0.09,0.06233,0.039,0.52
2020-06-19,0,0.25,0.7,3.25,0.09,0.064,0.03956,0.51
2020-06-20,0,0.25,0.7,3.25,0.09,0.064,0.03956,0.51
2020-06-21,0,0.25,0.7,3.25,0.09,0.064,0.03956,0.51
2020-06-22,0,0.25,0.71,3.25,0.08,0.07067,0.04145,0.52
2020-06-23,0,0.25,0.72,3.25,0.07,0.072,0.04222,0.54
2020-06-24,0,0.25,0.69,3.25,0.08,0.073,0.04289,0.5
2020-06-25,0,0.25,0.68,3.25,0.09,0.07434,0.04367,0.51
2020-06-26,0,0.25,0.64,3.25,0.08,0.07534,0.04456,0.47
2020-06-27,0,0.25,0.64,3.25,0.08,0.07534,0.04456,0.47
2020-06-28,0,0.25,0.64,3.25,0.08,0.07534,0.04456,0.47
2020-06-29,0,0.25,0.64,3.25,0.08,0.07734,0.04689,0.48
2020-06-30,0,0.25,0.66,3.25,0.1,0.078,0.04767,0.5
2020-07-01,0,0.25,0.69,3.25,0.11,0.07934,0.04867,0.52
2020-07-02,0,0.25,0.68,3.25,0.11,0.081,0.04978,0.52
2020-07-03,0,0.25,0.68,3.25,0.11,0.081,0.04978,0.52
2020-07-04,0,0.25,0.68,3.25,0.11,0.081,0.04978,0.52
2020-07-05,0,0.25,0.68,3.25,0.11,0.081,0.04978,0.52
2020-07-06,0,0.25,0.69,3.25,0.1,0.08667,0.05423,0.53
2020-07-07,0,0.25,0.65,3.25,0.1,0.08767,0.05523,0.49
2020-07-08,0,0.25,0.67,3.25,0.1,0.08867,0.05623,0.51
2020-07-09,0,0.25,0.62,3.25,0.1,0.08967,0.05723,0.46
2020-07-10,0,0.25,0.65,3.25,0.1,0.09034,0.05823,0.49
2020-07-11,0,0.25,0.65,3.25,0.1,0.09034,0.05823,0.49
2020-07-12,0,0.25,0.65,3.25,0.1,0.09034,0.05823,0.49
2020-07-13,0,0.25,0.64,3.25,0.1,0.09267,0.06112,0.48
2020-07-14,0,0.25,0.63,3.25,0.11,0.09334,0.06156,0.49
2020-07-15,0,0.25,0.64,3.25,0.13,0.09434,0.06245,0.48
2020-07-16,0,0.25,0.62,3.25,0.12,0.09567,0.06356,0.46
2020-07-17,0,0.25,0.64,3.25,0.12,0.09667,0.06456,0.5
2020-07-18,0,0.25,0.64,3.25,0.12,0.09667,0.06456,0.5
2020-07-19,0,0.25,0.64,3.25,0.12,0.09667,0.06456,0.5
2020-07-20,0,0.25,0.62,3.25,0.12,0.09967,0.06767,0.46
2020-07-21,0,0.25,0.61,3.25,0.11,0.10067,0.06889,0.47
2020-07-22,0,0.25,0.6,3.25,0.1,0.10134,0.07001,0.46
2020-07-23,0,0.25,0.59,3.25,0.1,0.102,0.07101,0.43
2020-07-24,0,0.25,0.59,3.25,0.1,0.103,0.07178,0.45
2020-07-25,0,0.25,0.59,3.25,0.1,0.103,0.07178,0.45
2020-07-26,0,0.25,0.59,3.25,0.1,0.103,0.07178,0.45
2020-07-27,0,0.25,0.62,3.25,0.1,0.10467,0.07412,0.47
2020-07-28,0,0.25,0.59,3.25,0.1,0.10534,0.07512,0.45
2020-07-29,0,0.25,0.58,3.25,0.09,0.106,0.07612,0.46
2020-07-30,0,0.25,0.55,3.25,0.1,0.10634,0.07667,0.44
2020-07-31,0,0.25,0.55,3.25,0.1,0.10634,0.07745,0.44
2020-08-01,0,0.25,0.55,3.25,0.1,0.10634,0.07745,0.44
2020-08-02,0,0.25,0.55,3.25,0.1,0.10634,0.07745,0.44
2020-08-03,0,0.25,0.56,3.25,0.1,0.10534,0.07956,0.45
2020-08-04,0,0.25,0.52,3.25,0.09,0.105,0.08012,0.41
2020-08-05,0,0.25,0.55,3.25,0.09,0.10434,0.08056,0.44
2020-08-06,0,0.25,0.55,3.25,0.09,0.104,0.08101,0.44
2020-08-07,0,0.25,0.57,3.25,0.09,0.10367,0.08134,0.44
2020-08-08,0,0.25,0.57,3.25,0.09,0.10367,0.08134,0.44
2020-08-09,0,0.25,0.57,3.25,0.09,0.10367,0.08134,0.44
2020-08-10,0,0.25,0.59,3.25,0.09,0.10267,0.08234,0.45
2020-08-11,0,0.25,0.64,3.25,0.1,0.10234,0.08268,0.48
2020-08-12,0,0.25,0.69,3.25,0.09,0.10234,0.08334,0.53
2020-08-13,0,0.25,0.71,3.25,0.09,0.102,0.08412,0.55
2020-08-14,0,0.25,0.71,3.25,0.09,0.10134,0.08456,0.57
2020-08-15,0,0.25,0.71,3.25,0.09,0.10134,0.08456,0.57
2020-08-16,0,0.25,0.71,3.25,0.09,0.10134,0.08456,0.57
2020-08-17,0,0.25,0.69,3.25,0.1,0.098,0.08601,0.55
2020-08-18,0,0.25,0.67,3.25,0.09,0.09734,0.08668,0.53
2020-08-19,0,0.25,0.68,3.25,0.09,0.09634,0.08756,0.54
2020-08-20,0,0.25,0.65,3.25,0.07,0.09534,0.08834,0.52
2020-08-21,0,0.25,0.64,3.25,0.07,0.094,0.08868,0.48
2020-08-22,0,0.25,0.64,3.25,0.07,0.094,0.08868,0.48
2020-08-23,0,0.25,0.64,3.25,0.07,0.094,0.08868,0.48
2020-08-24,0,0.25,0.65,3.25,0.08,0.091,0.08968,0.51
2020-08-25,0,0.25,0.69,3.25,0.08,0.09034,0.0899,0.54
2020-08-26,0,0.25,0.69,3.25,0.07,0.08967,0.09012,0.53
2020-08-27,0,0.25,0.74,3.25,0.07,0.08867,0.09023,0.58
2020-08-28,0,0.25,0.74,3.25,0.07,0.08767,0.09034,0.6
2020-08-29,0,0.25,0.74,3.25,0.07,0.08767,0.09034,0.6
2020-08-30,0,0.25,0.74,3.25,0.07,0.08767,0.09034,0.6
2020-08-31,0,0.25,0.72,3.25,0.09,0.085,0.09068,0.58
2020-09-01,0,0.25,0.68,3.25,0.09,0.08467,0.0909,0.55
2020-09-02,0,0.25,0.66,3.25,0.09,0.08434,0.09123,0.52
2020-09-03,0,0.25,0.63,3.25,0.1,0.084,0.09145,0.5
2020-09-04,0,0.25,0.72,3.25,0.09,0.08434,0.09179,0.58
2020-09-05,0,0.25,0.72,3.25,0.09,0.08434,0.09179,0.58
2020-09-06,0,0.25,0.72,3.25,0.09,0.08434,0.09179,0.58
2020-09-07,0,0.25,0.72,3.25,0.09,0.08434,0.09179,0.58
2020-09-08,0,0.25,0.69,3.25,0.09,0.08434,0.09257,0.55
2020-09-09,0,0.25,0.71,3.25,0.09,0.08434,0.09279,0.57
2020-09-10,0,0.25,0.68,3.25,0.09,0.08434,0.0929,0.54
2020-09-11,0,0.25,0.67,3.25,0.09,0.084,0.09301,0.54
2020-09-12,0,0.25,0.67,3.25,0.09,0.084,0.09301,0.54
2020-09-13,0,0.25,0.67,3.25,0.09,0.084,0.09301,0.54
2020-09-14,0,0.25,0.68,3.25,0.09,0.084,0.09323,0.54
2020-09-15,0,0.25,0.68,3.25,0.1,0.084,0.09323,0.54
2020-09-16,0,0.25,0.69,3.25,0.1,0.08434,0.09334,0.55
2020-09-17,0,0.25,0.69,3.25,0.1,0.08434,0.09346,0.56
2020-09-18,0,0.25,0.7,3.25,0.09,0.08467,0.09357,0.56
2020-09-19,0,0.25,0.7,3.25,0.09,0.08467,0.09357,0.56
2020-09-20,0,0.25,0.7,3.25,0.09,0.08467,0.09357,0.56
2020-09-21,0,0.25,0.68,3.25,0.08,0.086,0.09368,0.54
2020-09-22,0,0.25,0.68,3.25,0.07,0.08634,0.09379,0.55
2020-09-23,0,0.25,0.68,3.25,0.06,0.08634,0.09368,0.54
2020-09-24,0,0.25,0.67,3.25,0.07,0.08567,0.09334,0.53
2020-09-25,0,0.25,0.66,3.25,0.08,0.08534,0.09323,0.54
2020-09-26,0,0.25,0.66,3.25,0.08,0.08534,0.09323,0.54
2020-09-27,0,0.25,0.66,3.25,0.08,0.08534,0.09323,0.54
2020-09-28,0,0.25,0.67,3.25,0.08,0.08634,0.09323,0.53
2020-09-29,0,0.25,0.66,3.25,0.07,0.08667,0.09301,0.55
2020-09-30,0,0.25,0.69,3.25,0.08,0.08667,0.09257,0.56
2020-10-01,0,0.25,0.68,3.25,0.08,0.08634,0.09223,0.54
2020-10-02,0,0.25,0.7,3.25,0.1,0.086,0.0919,0.57
2020-10-03,0,0.25,0.7,3.25,0.1,0.086,0.0919,0.57
2020-10-04,0,0.25,0.7,3.25,0.1,0.086,0.0919,0.57
2020-10-05,0,0.25,0.78,3.25,0.09,0.08667,0.09168,0.64
2020-10-06,0,0.25,0.76,3.25,0.1,0.08667,0.09157,0.62
2020-10-07,0,0.25,0.81,3.25,0.09,0.087,0.09157,0.65
2020-10-08,0,0.25,0.78,3.25,0.08,0.087,0.09145,0.65
2020-10-09,0,0.25,0.79,3.25,0.09,0.08667,0.09123,0.63
2020-10-10,0,0.25,0.79,3.25,0.09,0.08667,0.09123,0.63
2020-10-11,0,0.25,0.79,3.25,0.09,0.08667,0.09123,0.63
2020-10-12,0,0.25,0.79,3.25,0.09,0.08667,0.09123,0.63
2020-10-13,0,0.25,0.74,3.25,0.09,0.08667,0.09068,0.58
2020-10-14,0,0.25,0.73,3.25,0.09,0.08667,0.09023,0.59
2020-10-15,0,0.25,0.74,3.25,0.1,0.08667,0.0899,0.6
2020-10-16,0,0.25,0.76,3.25,0.09,0.08667,0.08968,0.62
2020-10-17,0,0.25,0.76,3.25,0.09,0.08667,0.08968,0.62
2020-10-18,0,0.25,0.76,3.25,0.09,0.08667,0.08968,0.62
2020-10-19,0,0.25,0.78,3.25,0.09,0.086,0.08868,0.62
2020-10-20,0,0.25,0.81,3.25,0.08,0.086,0.08845,0.67
2020-10-21,0,0.25,0.83,3.25,0.07,0.08567,0.08823,0.69
2020-10-22,0,0.25,0.87,3.25,0.07,0.08534,0.0879,0.71
2020-10-23,0,0.25,0.85,3.25,0.08,0.08534,0.08756,0.67
2020-10-24,0,0.25,0.85,3.25,0.08,0.08534,0.08756,0.67
2020-10-25,0,0.25,0.85,3.25,0.08,0.08534,0.08756,0.67
2020-10-26,0,0.25,0.81,3.25,0.09,0.08634,0.0869,0.65
2020-10-27,0,0.25,0.79,3.25,0.09,0.08667,0.08679,0.63
2020-10-28,0,0.25,0.79,3.25,0.08,0.087,0.08679,0.63
2020-10-29,0,0.25,0.85,3.25,0.09,0.087,0.08656,0.69
2020-10-30,0,0.25,0.88,3.25,0.09,0.08767,0.08645,0.74
2020-10-31,0,0.25,0.88,3.25,0.09,0.08767,0.08645,0.74
2020-11-01,0,0.25,0.88,3.25,0.09,0.08767,0.08645,0.74
2020-11-02,0,0.25,0.87,3.25,0.11,0.088,0.08612,0.71
2020-11-03,0,0.25,0.9,3.25,0.1,0.08834,0.08634,0.73
2020-11-04,0,0.25,0.78,3.25,0.1,0.08834,0.08645,0.64
2020-11-05,0,0.25,0.79,3.25,0.11,0.08867,0.08656,0.65
2020-11-06,0,0.25,0.83,3.25,0.1,0.089,0.08679,0.67
2020-11-07,0,0.25,0.83,3.25,0.1,0.089,0.08679,0.67
2020-11-08,0,0.25,0.83,3.25,0.1,0.089,0.08679,0.67
2020-11-09,0,0.25,0.96,3.25,0.1,0.09034,0.08712,0.79
2020-11-10,0,0.25,0.98,3.25,0.1,0.09067,0.08712,0.79
2020-11-11,0,0.25,0.98,3.25,0.1,0.09067,0.08712,0.79
2020-11-12,0,0.25,0.88,3.25,0.09,0.09134,0.08734,0.71
2020-11-13,0,0.25,0.89,3.25,0.09,0.09134,0.08734,0.72
2020-11-14,0,0.25,0.89,3.25,0.09,0.09134,0.08734,0.72
2020-11-15,0,0.25,0.89,3.25,0.09,0.09134,0.08734,0.72
2020-11-16,0,0.25,0.91,3.25,0.1,0.091,0.08723,0.72
2020-11-17,0,0.25,0.87,3.25,0.09,0.09134,0.08734,0.69
2020-11-18,0,0.25,0.88,3.25,0.07,0.09134,0.08734,0.72
2020-11-19,0,0.25,0.86,3.25,0.06,0.09067,0.08734,0.68
2020-11-20,0,0.25,0.83,3.25,0.05,0.09,0.08723,0.67
2020-11-21,0,0.25,0.83,3.25,0.05,0.09,0.08723,0.67
2020-11-22,0,0.25,0.83,3.25,0.05,0.09,0.08723,0.67
2020-11-23,0,0.25,0.86,3.25,0.05,0.08767,0.08645,0.7
2020-11-24,0,0.25,0.88,3.25,0.07,0.08667,0.08612,0.72
2020-11-25,0,0.25,0.88,3.25,0.08,0.08634,0.08612,0.71
2020-11-26,0,0.25,0.88,3.25,0.08,0.08634,0.08612,0.71
2020-11-27,0,0.25,0.84,3.25,0.08,0.08567,0.08634,0.68
2020-11-28,0,0.25,0.84,3.25,0.08,0.08567,0.08634,0.68
2020-11-29,0,0.25,0.84,3.25,0.08,0.08567,0.08634,0.68
2020-11-30,0,0.25,0.84,3.25,0.09,0.085,0.08645,0.68
2020-12-01,0,0.25,0.92,3.25,0.08,0.085,0.08645,0.75
2020-12-02,0,0.25,0.95,3.25,0.08,0.08467,0.08634,0.79
2020-12-03,0,0.25,0.92,3.25,0.08,0.08367,0.08612,0.76
2020-12-04,0,0.25,0.97,3.25,0.09,0.083,0.08601,0.81
2020-12-05,0,0.25,0.97,3.25,0.09,0.083,0.08601,0.81
2020-12-06,0,0.25,0.97,3.25,0.09,0.083,0.08601,0.81
2020-12-07,0,0.25,0.94,3.25,0.08,0.08167,0.08601,0.8
2020-12-08,0,0.25,0.92,3.25,0.07,0.081,0.0859,0.78
2020-12-09,0,0.25,0.95,3.25,0.08,0.08,0.08568,0.79
2020-12-10,0,0.25,0.92,3.25,0.08,0.07934,0.08556,0.78
2020-12-11,0,0.25,0.9,3.25,0.08,0.07867,0.08545,0.79
2020-12-12,0,0.25,0.9,3.25,0.08,0.07867,0.08545,0.79
2020-12-13,0,0.25,0.9,3.25,0.08,0.07867,0.08545,0.79
2020-12-14,0,0.25,0.9,3.25,0.08,0.07734,0.08512,0.77
2020-12-15,0,0.25,0.92,3.25,0.09,0.077,0.0849,0.81
2020-12-16,0,0.25,0.92,3.25,0.09,0.077,0.08479,0.79
2020-12-17,0,0.25,0.94,3.25,0.09,0.07667,0.08468,0.81
2020-12-18,0,0.25,0.95,3.25,0.09,0.07667,0.08468,0.82
2020-12-19,0,0.25,0.95,3.25,0.09,0.07667,0.08468,0.82
2020-12-20,0,0.25,0.95,3.25,0.09,0.07667,0.08468,0.82
2020-12-21,0,0.25,0.95,3.25,0.09,0.07967,0.08479,0.82
2020-12-22,0,0.25,0.93,3.25,0.07,0.081,0.08501,0.8
2020-12-23,0,0.25,0.96,3.25,0.06,0.08167,0.08512,0.83
2020-12-24,0,0.25,0.94,3.25,0.08,0.082,0.08501,0.81
2020-12-25,0,0.25,0.94,3.25,0.08,0.082,0.08501,0.81
2020-12-26,0,0.25,0.94,3.25,0.08,0.082,0.08501,0.81
2020-12-27,0,0.25,0.94,3.25,0.08,0.082,0.08501,0.81
2020-12-28,0,0.25,0.94,3.25,0.09,0.08234,0.08501,0.81
2020-12-29,0,0.25,0.94,3.25,0.1,0.08267,0.08523,0.82
2020-12-30,0,0.25,0.93,3.25,0.09,0.08334,0.08545,0.81
2020-12-31,0,0.25,0.93,3.25,0.07,0.08334,0.08556,0.8
2021-01-01,0,0.25,0.93,3.25,0.07,0.08334,0.08556,0.8
2021-01-02,0,0.25,0.93,3.25,0.07,0.08334,0.08556,0.8
2021-01-03,0,0.25,0.93,3.25,0.07,0.08334,0.08556,0.8
2021-01-04,0,0.25,0.93,3.25,0.1,0.08167,0.08434,0.82
2021-01-05,0,0.25,0.96,3.25,0.11,0.082,0.08434,0.83
2021-01-06,0,0.25,1.04,3.25,0.1,0.08267,0.08456,0.9
2021-01-07,0,0.25,1.08,3.25,0.1,0.08334,0.08479,0.94
2021-01-08,0,0.25,1.13,3.25,0.09,0.08434,0.0849,0.99
2021-01-09,0,0.25,1.13,3.25,0.09,0.08434,0.0849,0.99
2021-01-10,0,0.25,1.13,3.25,0.09,0.08434,0.0849,0.99
2021-01-11,0,0.25,1.15,3.25,0.09,0.08534,0.0849,1.01
2021-01-12,0,0.25,1.15,3.25,0.08,0.08567,0.0849,1.01
2021-01-13,0,0.25,1.1,3.25,0.08,0.08567,0.08479,0.96
2021-01-14,0,0.25,1.15,3.25,0.08,0.08567,0.08456,0.99
2021-01-15,0,0.25,1.11,3.25,0.08,0.08534,0.08445,0.98
2021-01-16,0,0.25,1.11,3.25,0.08,0.08534,0.08445,0.98
2021-01-17,0,0.25,1.11,3.25,0.08,0.08534,0.08445,0.98
2021-01-18,0,0.25,1.11,3.25,0.08,0.08534,0.08445,0.98
2021-01-19,0,0.25,1.1,3.25,0.07,0.084,0.08412,0.96
2021-01-20,0,0.25,1.1,3.25,0.06,0.08334,0.08412,0.97
2021-01-21,0,0.25,1.12,3.25,0.04,0.08234,0.08401,0.99
2021-01-22,0,0.25,1.1,3.25,0.05,0.08134,0.08356,0.97
2021-01-23,0,0.25,1.1,3.25,0.05,0.08134,0.08356,0.97
2021-01-24,0,0.25,1.1,3.25,0.05,0.08134,0.08356,0.97
2021-01-25,0,0.25,1.05,3.25,0.06,0.079,0.08245,0.92
2021-01-26,0,0.25,1.05,3.25,0.03,0.07834,0.08212,0.94
2021-01-27,0,0.25,1.04,3.25,0.03,0.07667,0.08156,0.92
2021-01-28,0,0.25,1.07,3.25,0.04,0.07467,0.0809,0.95
2021-01-29,0,0.25,1.11,3.25,0.06,0.07267,0.08034,1
2021-01-30,0,0.25,1.11,3.25,0.06,0.07267,0.08034,1
2021-01-31,0,0.25,1.11,3.25,0.06,0.07267,0.08034,1
2021-02-01,0,0.25,1.09,3.25,0.07,0.071,0.07912,0.98
2021-02-02,0,0.25,1.12,3.25,0.07,0.071,0.07879,1.01
2021-02-03,0,0.25,1.15,3.25,0.07,0.071,0.07845,1.04
2021-02-04,0,0.25,1.15,3.25,0.05,0.07,0.07801,1.04
2021-02-05,0,0.25,1.19,3.25,0.02,0.068,0.07745,1.1
2021-02-06,0,0.25,1.19,3.25,0.02,0.068,0.07745,1.1
2021-02-07,0,0.25,1.19,3.25,0.02,0.068,0.07745,1.1
2021-02-08,0,0.25,1.19,3.25,0.02,0.06033,0.07478,1.08
2021-02-09,0,0.25,1.18,3.25,0.05,0.058,0.0739,1.07
2021-02-10,0,0.25,1.15,3.25,0.06,0.05667,0.07334,1.04
2021-02-11,0,0.25,1.16,3.25,0.06,0.05567,0.07301,1.05
2021-02-12,0,0.25,1.2,3.25,0.05,0.055,0.07267,1.09
2021-02-13,0,0.25,1.2,3.25,0.05,0.055,0.07267,1.09
2021-02-14,0,0.25,1.2,3.25,0.05,0.055,0.07267,1.09
2021-02-15,0,0.25,1.2,3.25,0.05,0.055,0.07267,1.09
2021-02-16,0,0.25,1.3,3.25,0.06,0.051,0.07078,1.17
2021-02-17,0,0.25,1.29,3.25,0.06,0.05033,0.07067,1.18
2021-02-18,0,0.25,1.29,3.25,0.03,0.04967,0.07067,1.18
2021-02-19,0,0.25,1.34,3.25,0.02,0.04833,0.07045,1.23
2021-02-20,0,0.25,1.34,3.25,0.02,0.04833,0.07045,1.23
2021-02-21,0,0.25,1.34,3.25,0.02,0.04833,0.07045,1.23
2021-02-22,0,0.25,1.37,3.25,0.03,0.04533,0.06945,1.26
2021-02-23,0,0.25,1.37,3.25,0.01,0.04467,0.06901,1.26
2021-02-24,0,0.25,1.38,3.25,0.02,0.04333,0.06823,1.26
2021-02-25,0,0.25,1.54,3.25,0.03,0.042,0.06756,1.37
2021-02-26,0,0.25,1.44,3.25,0.01,0.042,0.06701,1.3
2021-02-27,0,0.25,1.44,3.25,0.01,0.042,0.06701,1.3
2021-02-28,0,0.25,1.44,3.25,0.01,0.042,0.06701,1.3
2021-03-01,0,0.25,1.45,3.25,0.02,0.03867,0.06456,1.32
2021-03-02,0,0.25,1.42,3.25,0.04,0.03733,0.06389,1.29
2021-03-03,0,0.25,1.47,3.25,0.04,0.03667,0.06345,1.33
2021-03-04,0,0.25,1.54,3.25,0.02,0.03567,0.063,1.4
2021-03-05,0,0.25,1.56,3.25,0.02,0.034,0.06223,1.42
2021-03-06,0,0.25,1.56,3.25,0.02,0.034,0.06223,1.42
2021-03-07,0,0.25,1.56,3.25,0.02,0.034,0.06223,1.42
2021-03-08,0,0.25,1.59,3.25,0.02,0.03133,0.06,1.42
2021-03-09,0,0.25,1.55,3.25,0.02,0.03133,0.05945,1.38
2021-03-10,0,0.25,1.53,3.25,0.02,0.03133,0.05878,1.37
2021-03-11,0,0.25,1.54,3.25,0.01,0.03133,0.05812,1.4
2021-03-12,0,0.25,1.64,3.25,0.01,0.03,0.05734,1.5
2021-03-13,0,0.25,1.64,3.25,0.01,0.03,0.05734,1.5
2021-03-14,0,0.25,1.64,3.25,0.01,0.03,0.05734,1.5
2021-03-15,0,0.25,1.62,3.25,0.01,0.02533,0.055,1.48
2021-03-16,0,0.25,1.62,3.25,0.01,0.024,0.05411,1.47
2021-03-17,0,0.25,1.63,3.25,0.01,0.02267,0.05323,1.5
2021-03-18,0,0.25,1.71,3.25,0.01,0.02133,0.05234,1.55
2021-03-19,0,0.25,1.74,3.25,0.01,0.01967,0.05145,1.58
2021-03-20,0,0.25,1.74,3.25,0.01,0.01967,0.05145,1.58
2021-03-21,0,0.25,1.74,3.25,0.01,0.01967,0.05145,1.58
2021-03-22,0,0.25,1.69,3.25,0.01,0.017,0.04878,1.54
2021-03-23,0,0.25,1.63,3.25,0.01,0.01667,0.04811,1.48
2021-03-24,0,0.25,1.62,3.25,0.01,0.01633,0.04756,1.48
2021-03-25,0,0.25,1.63,3.25,0.01,0.01567,0.04678,1.49
2021-03-26,0,0.25,1.67,3.25,0.01,0.01567,0.046,1.53
2021-03-27,0,0.25,1.67,3.25,0.01,0.01567,0.046,1.53
2021-03-28,0,0.25,1.67,3.25,0.01,0.01567,0.046,1.53
2021-03-29,0,0.25,1.73,3.25,0.01,0.01467,0.04356,1.59
2021-03-30,0,0.25,1.73,3.25,0.01,0.01467,0.04256,1.57
2021-03-31,0,0.25,1.74,3.25,0.01,0.01467,0.04167,1.58
2021-04-01,0,0.25,1.69,3.25,0.01,0.01433,0.041,1.52
2021-04-02,0,0.25,1.72,3.25,0.01,0.01433,0.041,1.53
2021-04-03,0,0.25,1.72,3.25,0.01,0.01433,0.041,1.53
2021-04-04,0,0.25,1.72,3.25,0.01,0.01433,0.041,1.53
2021-04-05,0,0.25,1.73,3.25,0.01,0.01167,0.038,1.56
2021-04-06,0,0.25,1.67,3.25,0.01,0.01133,0.03689,1.51
2021-04-07,0,0.25,1.68,3.25,0.01,0.011,0.03589,1.52
2021-04-08,0,0.25,1.64,3.25,0.01,0.01067,0.03489,1.5
2021-04-09,0,0.25,1.67,3.25,0.01,0.01033,0.034,1.51
2021-04-10,0,0.25,1.67,3.25,0.01,0.01033,0.034,1.51
2021-04-11,0,0.25,1.67,3.25,0.01,0.01033,0.034,1.51
2021-04-12,0,0.25,1.69,3.25,0.01,0.01,0.03133,1.51
2021-04-13,0,0.25,1.64,3.25,0.01,0.01,0.03056,1.48
2021-04-14,0,0.25,1.64,3.25,0.01,0.01,0.02978,1.48
2021-04-15,0,0.25,1.56,3.25,0.01,0.01,0.029,1.4
2021-04-16,0,0.25,1.59,3.25,0.01,0.01,0.02822,1.43
2021-04-17,0,0.25,1.59,3.25,0.01,0.01,0.02822,1.43
2021-04-18,0,0.25,1.59,3.25,0.01,0.01,0.02822,1.43
2021-04-19,0,0.25,1.61,3.25,0.01,0.01,0.02589,1.45
2021-04-20,0,0.25,1.58,3.25,0.01,0.01,0.02522,1.43
2021-04-21,0,0.25,1.57,3.25,0.01,0.01,0.02467,1.42
2021-04-22,0,0.25,1.57,3.25,0.01,0.01,0.02433,1.41
2021-04-23,0,0.25,1.58,3.25,0.01,0.01,0.02389,1.42
2021-04-24,0,0.25,1.58,3.25,0.01,0.01,0.02389,1.42
2021-04-25,0,0.25,1.58,3.25,0.01,0.01,0.02389,1.42
2021-04-26,0,0.25,1.58,3.25,0.01,0.01,0.02245,1.4
2021-04-27,0,0.25,1.63,3.25,0.01,0.01,0.02222,1.46
2021-04-28,0,0.25,1.63,3.25,0.01,0.01,0.022,1.46
2021-04-29,0,0.25,1.65,3.25,0.01,0.01,0.02167,1.49
2021-04-30,0,0.25,1.65,3.25,0.01,0.01,0.02111,1.49
2021-05-01,0,0.25,1.65,3.25,0.01,0.01,0.02111,1.49
2021-05-02,0,0.25,1.65,3.25,0.01,0.01,0.02111,1.49
2021-05-03,0,0.25,1.63,3.25,0.01,0.01,0.01933,1.47
2021-05-04,0,0.25,1.61,3.25,0.01,0.01,0.01867,1.45
2021-05-05,0,0.25,1.59,3.25,0.01,0.01,0.018,1.43
2021-05-06,0,0.25,1.58,3.25,0.01,0.01,0.01756,1.42
2021-05-07,0,0.25,1.6,3.25,0.01,0.01,0.01744,1.46
2021-05-08,0,0.25,1.6,3.25,0.01,0.01,0.01744,1.46
2021-05-09,0,0.25,1.6,3.25,0.01,0.01,0.01744,1.46
2021-05-10,0,0.25,1.63,3.25,0.01,0.01,0.01711,1.47
2021-05-11,0,0.25,1.64,3.25,0.01,0.01,0.01667,1.48
2021-05-12,0,0.25,1.69,3.25,0.01,0.01,0.01611,1.53
2021-05-13,0,0.25,1.66,3.25,0.01,0.01,0.01556,1.5
2021-05-14,0,0.25,1.63,3.25,0.01,0.01,0.01511,1.47
2021-05-15,0,0.25,1.63,3.25,0.01,0.01,0.01511,1.47
2021-05-16,0,0.25,1.63,3.25,0.01,0.01,0.01511,1.47
2021-05-17,0,0.25,1.64,3.25,0.01,0.01,0.01378,1.48
2021-05-18,0,0.25,1.64,3.25,0.01,0.01,0.01322,1.48
2021-05-19,0,0.25,1.68,3.25,0.01,0.01,0.01267,1.52
2021-05-20,0,0.25,1.63,3.25,0.01,0.01,0.01244,1.48
2021-05-21,0,0.25,1.63,3.25,0.01,0.01,0.01233,1.46
2021-05-22,0,0.25,1.63,3.25,0.01,0.01,0.01233,1.46
2021-05-23,0,0.25,1.63,3.25,0.01,0.01,0.01233,1.46
2021-05-24,0,0.25,1.61,3.25,0.01,0.01,0.01189,1.46
2021-05-25,0,0.25,1.56,3.25,0.01,0.01,0.01189,1.41
2021-05-26,0,0.25,1.58,3.25,0.01,0.01,0.01178,1.44
2021-05-27,0,0.25,1.61,3.25,0.01,0.01,0.01156,1.47
2021-05-28,0,0.25,1.58,3.25,0.01,0.01,0.01156,1.44
2021-05-29,0,0.25,1.58,3.25,0.01,0.01,0.01156,1.44
2021-05-30,0,0.25,1.58,3.25,0.01,0.01,0.01156,1.44
2021-05-31,0,0.25,1.58,3.25,0.01,0.01,0.01156,1.44
2021-06-01,0,0.25,1.62,3.25,0.01,0.01,0.01111,1.46
2021-06-02,0,0.25,1.59,3.25,0.01,0.01,0.01078,1.46
2021-06-03,0,0.25,1.63,3.25,0.01,0.01,0.01067,1.47
2021-06-04,0,0.25,1.56,3.25,0.01,0.01,0.01056,1.42
2021-06-05,0,0.25,1.56,3.25,0.01,0.01,0.01056,1.42
2021-06-06,0,0.25,1.56,3.25,0.01,0.01,0.01056,1.42
2021-06-07,0,0.25,1.57,3.25,0.01,0.01,0.01022,1.41
2021-06-08,0,0.25,1.53,3.25,0.01,0.01,0.01011,1.39
2021-06-09,0,0.25,1.5,3.25,0.01,0.01,0.01,1.34
2021-06-10,0,0.25,1.45,3.25,0.01,0.01,0.01,1.31
2021-06-11,0,0.25,1.47,3.25,0.01,0.01,0.01,1.31
2021-06-12,0,0.25,1.47,3.25,0.01,0.01,0.01,1.31
2021-06-13,0,0.25,1.47,3.25,0.01,0.01,0.01,1.31
2021-06-14,0,0.25,1.51,3.25,0.01,0.01,0.01,1.35
2021-06-15,0,0.25,1.51,3.25,0.01,0.01,0.01,1.35
2021-06-16,0,0.25,1.57,3.25,0.01,0.01,0.01,1.36
2021-06-17,0,0.25,1.52,3.25,0.05,0.01,0.01,1.29
2021-06-18,0,0.25,1.45,3.25,0.05,0.01133,0.01044,1.19
2021-06-19,0,0.25,1.45,3.25,0.05,0.01133,0.01044,1.19
2021-06-20,0,0.25,1.45,3.25,0.05,0.01133,0.01044,1.19
2021-06-21,0,0.25,1.5,3.25,0.05,0.01533,0.01178,1.23
2021-06-22,0,0.25,1.48,3.25,0.05,0.01667,0.01222,1.23
2021-06-23,0,0.25,1.5,3.25,0.05,0.018,0.01267,1.24
2021-06-24,0,0.25,1.49,3.25,0.05,0.01933,0.01311,1.23
2021-06-25,0,0.25,1.54,3.25,0.05,0.02067,0.01356,1.26
2021-06-26,0,0.25,1.54,3.25,0.05,0.02067,0.01356,1.26
2021-06-27,0,0.25,1.54,3.25,0.05,0.02067,0.01356,1.26
2021-06-28,0,0.25,1.49,3.25,0.05,0.02467,0.01489,1.24
2021-06-29,0,0.25,1.49,3.25,0.05,0.026,0.01533,1.22
2021-06-30,0,0.25,1.45,3.25,0.05,0.02733,0.01578,1.2
2021-07-01,0,0.25,1.48,3.25,0.05,0.02867,0.01622,1.23
2021-07-02,0,0.25,1.44,3.25,0.05,0.03,0.01667,1.2
2021-07-03,0,0.25,1.44,3.25,0.05,0.03,0.01667,1.2
2021-07-04,0,0.25,1.44,3.25,0.05,0.03,0.01667,1.2
2021-07-05,0,0.25,1.44,3.25,0.05,0.03,0.01667,1.2
2021-07-06,0,0.25,1.37,3.25,0.05,0.03533,0.01844,1.15
2021-07-07,0,0.25,1.33,3.25,0.05,0.03667,0.01889,1.11
2021-07-08,0,0.25,1.3,3.25,0.05,0.038,0.01933,1.11
2021-07-09,0,0.25,1.37,3.25,0.05,0.03933,0.01978,1.14
2021-07-10,0,0.25,1.37,3.25,0.05,0.03933,0.01978,1.14
2021-07-11,0,0.25,1.37,3.25,0.05,0.03933,0.01978,1.14
2021-07-12,0,0.25,1.38,3.25,0.05,0.04333,0.02111,1.15
2021-07-13,0,0.25,1.42,3.25,0.05,0.04467,0.02156,1.16
2021-07-14,0,0.25,1.37,3.25,0.05,0.046,0.022,1.14
2021-07-15,0,0.25,1.31,3.25,0.05,0.04733,0.02245,1.08
2021-07-16,0,0.25,1.31,3.25,0.05,0.04867,0.02289,1.06
2021-07-17,0,0.25,1.31,3.25,0.05,0.04867,0.02289,1.06
2021-07-18,0,0.25,1.31,3.25,0.05,0.04867,0.02289,1.06
2021-07-19,0,0.25,1.19,3.25,0.05,0.05,0.02422,0.98
2021-07-20,0,0.25,1.23,3.25,0.05,0.05,0.02467,1.03
2021-07-21,0,0.25,1.3,3.25,0.05,0.05,0.02511,1.08
2021-07-22,0,0.25,1.27,3.25,0.05,0.05,0.02556,1.07
2021-07-23,0,0.25,1.3,3.25,0.05,0.05,0.026,1.08
2021-07-24,0,0.25,1.3,3.25,0.05,0.05,0.026,1.08
2021-07-25,0,0.25,1.3,3.25,0.05,0.05,0.026,1.08
2021-07-26,0,0.25,1.29,3.25,0.05,0.05,0.02733,1.07
2021-07-27,0,0.25,1.25,3.25,0.05,0.05,0.02778,1.05
2021-07-28,0,0.25,1.26,3.25,0.05,0.05,0.02822,1.06
2021-07-29,0,0.25,1.28,3.25,0.05,0.05,0.02867,1.08
2021-07-30,0,0.25,1.24,3.25,0.05,0.05,0.02911,1.05
2021-07-31,0,0.25,1.24,3.25,0.05,0.05,0.02911,1.05
2021-08-01,0,0.25,1.24,3.25,0.05,0.05,0.02911,1.05
2021-08-02,0,0.25,1.2,3.25,0.05,0.05,0.03045,1.03
2021-08-03,0,0.25,1.19,3.25,0.05,0.05,0.03089,1.02
2021-08-04,0,0.25,1.19,3.25,0.05,0.05,0.03133,1.02
2021-08-05,0,0.25,1.23,3.25,0.05,0.05,0.03178,1.02
2021-08-06,0,0.25,1.31,3.25,0.05,0.05,0.03222,1.1
2021-08-07,0,0.25,1.31,3.25,0.05,0.05,0.03222,1.1
2021-08-08,0,0.25,1.31,3.25,0.05,0.05,0.03222,1.1
2021-08-09,0,0.25,1.33,3.25,0.05,0.05,0.03356,1.1
2021-08-10,0,0.25,1.36,3.25,0.05,0.05,0.034,1.12
2021-08-11,0,0.25,1.35,3.25,0.05,0.05,0.03445,1.12
2021-08-12,0,0.25,1.36,3.25,0.05,0.05,0.03489,1.13
2021-08-13,0,0.25,1.29,3.25,0.05,0.05,0.03533,1.06
2021-08-14,0,0.25,1.29,3.25,0.05,0.05,0.03533,1.06
2021-08-15,0,0.25,1.29,3.25,0.05,0.05,0.03533,1.06
2021-08-16,0,0.25,1.26,3.25,0.05,0.05,0.03667,1.05
2021-08-17,0,0.25,1.26,3.25,0.05,0.05,0.03711,1.03
2021-08-18,0,0.25,1.27,3.25,0.05,0.05,0.03756,1.04
2021-08-19,0,0.25,1.24,3.25,0.05,0.05,0.038,1.02
2021-08-20,0,0.25,1.26,3.25,0.05,0.05,0.03845,1.03
2021-08-21,0,0.25,1.26,3.25,0.05,0.05,0.03845,1.03
2021-08-22,0,0.25,1.26,3.25,0.05,0.05,0.03845,1.03
2021-08-23,0,0.25,1.25,3.25,0.05,0.05,0.03978,1.02
2021-08-24,0,0.25,1.29,3.25,0.05,0.05,0.04022,1.05
2021-08-25,0,0.25,1.35,3.25,0.05,0.05,0.04067,1.12
2021-08-26,0,0.25,1.34,3.25,0.05,0.05,0.04111,1.09
2021-08-27,0,0.25,1.31,3.25,0.05,0.05,0.04156,1.09
2021-08-28,0,0.25,1.31,3.25,0.05,0.05,0.04156,1.09
2021-08-29,0,0.25,1.31,3.25,0.05,0.05,0.04156,1.09
2021-08-30,0,0.25,1.29,3.25,0.05,0.05,0.04289,1.09
2021-08-31,0,0.25,1.3,3.25,0.05,0.05,0.04334,1.1
2021-09-01,0,0.25,1.31,3.25,0.05,0.05,0.04378,1.11
2021-09-02,0,0.25,1.29,3.25,0.05,0.05,0.04422,1.09
2021-09-03,0,0.25,1.33,3.25,0.05,0.05,0.04467,1.12
2021-09-04,0,0.25,1.33,3.25,0.05,0.05,0.04467,1.12
2021-09-05,0,0.25,1.33,3.25,0.05,0.05,0.04467,1.12
2021-09-06,0,0.25,1.33,3.25,0.05,0.05,0.04467,1.12
2021-09-07,0,0.25,1.38,3.25,0.05,0.05,0.04645,1.16
2021-09-08,0,0.25,1.35,3.25,0.05,0.05,0.04689,1.13
2021-09-09,0,0.25,1.3,3.25,0.05,0.05,0.04734,1.07
2021-09-10,0,0.25,1.35,3.25,0.05,0.05,0.04778,1.12
2021-09-11,0,0.25,1.35,3.25,0.05,0.05,0.04778,1.12
2021-09-12,0,0.25,1.35,3.25,0.05,0.05,0.04778,1.12
2021-09-13,0,0.25,1.33,3.25,0.05,0.05,0.04911,1.12
2021-09-14,0,0.25,1.28,3.25,0.05,0.05,0.04956,1.07
2021-09-15,0,0.25,1.31,3.25,0.05,0.05,0.05,1.1
2021-09-16,0,0.25,1.34,3.25,0.05,0.05,0.05,1.11
2021-09-17,0,0.25,1.37,3.25,0.05,0.05,0.05,1.14
2021-09-18,0,0.25,1.37,3.25,0.05,0.05,0.05,1.14
2021-09-19,0,0.25,1.37,3.25,0.05,0.05,0.05,1.14
2021-09-20,0,0.25,1.31,3.25,0.05,0.05,0.05,1.08
2021-09-21,0,0.25,1.33,3.25,0.05,0.05,0.05,1.11
2021-09-22,0,0.25,1.32,3.25,0.05,0.05,0.05,1.07
2021-09-23,0,0.25,1.41,3.25,0.05,0.05,0.05,1.14
2021-09-24,0,0.25,1.47,3.25,0.05,0.05,0.05,1.18
2021-09-25,0,0.25,1.47,3.25,0.05,0.05,0.05,1.18
2021-09-26,0,0.25,1.47,3.25,0.05,0.05,0.05,1.18
2021-09-27,0,0.25,1.48,3.25,0.05,0.05,0.05,1.17
2021-09-28,0,0.25,1.54,3.25,0.05,0.05,0.05,1.23
2021-09-29,0,0.25,1.55,3.25,0.05,0.05,0.05,1.25
2021-09-30,0,0.25,1.52,3.25,0.05,0.05,0.05,1.24
2021-10-01,0,0.25,1.48,3.25,0.05,0.05,0.05,1.21
2021-10-02,0,0.25,1.48,3.25,0.05,0.05,0.05,1.21
2021-10-03,0,0.25,1.48,3.25,0.05,0.05,0.05,1.21
2021-10-04,0,0.25,1.49,3.25,0.05,0.05,0.05,1.22
2021-10-05,0,0.25,1.54,3.25,0.05,0.05,0.05,1.26
2021-10-06,0,0.25,1.53,3.25,0.05,0.05,0.05,1.23
2021-10-07,0,0.25,1.58,3.25,0.05,0.05,0.05,1.26
2021-10-08,0,0.25,1.61,3.25,0.05,0.05,0.05,1.29
2021-10-09,0,0.25,1.61,3.25,0.05,0.05,0.05,1.29
2021-10-10,0,0.25,1.61,3.25,0.05,0.05,0.05,1.29
2021-10-11,0,0.25,1.61,3.25,0.05,0.05,0.05,1.29
2021-10-12,0,0.25,1.59,3.25,0.05,0.05,0.05,1.24
2021-10-13,0,0.25,1.56,3.25,0.05,0.05,0.05,1.19
2021-10-14,0,0.25,1.52,3.25,0.05,0.05,0.05,1.16
2021-10-15,0,0.25,1.59,3.25,0.05,0.05,0.05,1.18
2021-10-16,0,0.25,1.59,3.25,0.05,0.05,0.05,1.18
2021-10-17,0,0.25,1.59,3.25,0.05,0.05,0.05,1.18
2021-10-18,0,0.25,1.59,3.25,0.05,0.05,0.05,1.15
2021-10-19,0,0.25,1.65,3.25,0.03,0.05,0.05,1.24
2021-10-20,0,0.25,1.65,3.25,0.03,0.04933,0.04978,1.25
2021-10-21,0,0.25,1.68,3.25,0.03,0.04867,0.04956,1.23
2021-10-22,0,0.25,1.66,3.25,0.05,0.048,0.04934,1.18
2021-10-23,0,0.25,1.66,3.25,0.05,0.048,0.04934,1.18
2021-10-24,0,0.25,1.66,3.25,0.05,0.048,0.04934,1.18
2021-10-25,0,0.25,1.64,3.25,0.04,0.048,0.04934,1.17
2021-10-26,0,0.25,1.63,3.25,0.05,0.04767,0.04923,1.16
2021-10-27,0,0.25,1.54,3.25,0.05,0.04767,0.04923,1.04
2021-10-28,0,0.25,1.57,3.25,0.05,0.04767,0.04923,1.07
2021-10-29,0,0.25,1.55,3.25,0.05,0.04767,0.04923,1.07
2021-10-30,0,0.25,1.55,3.25,0.05,0.04767,0.04923,1.07
2021-10-31,0,0.25,1.55,3.25,0.05,0.04767,0.04923,1.07
2021-11-01,0,0.25,1.58,3.25,0.05,0.04767,0.04923,1.08
2021-11-02,0,0.25,1.56,3.25,0.05,0.04767,0.04923,1.1
2021-11-03,0,0.25,1.6,3.25,0.05,0.04767,0.04923,1.13
2021-11-04,0,0.25,1.53,3.25,0.05,0.04767,0.04923,1.12
2021-11-05,0,0.25,1.45,3.25,0.05,0.04767,0.04923,1.06
2021-11-06,0,0.25,1.45,3.25,0.05,0.04767,0.04923,1.06
2021-11-07,0,0.25,1.45,3.25,0.05,0.04767,0.04923,1.06
2021-11-08,0,0.25,1.51,3.25,0.05,0.04767,0.04923,1.06
2021-11-09,0,0.25,1.46,3.25,0.05,0.04767,0.04923,1.05
2021-11-10,0,0.25,1.56,3.25,0.05,0.04767,0.04923,1.05
2021-11-11,0,0.25,1.56,3.25,0.05,0.04767,0.04923,1.05
2021-11-12,0,0.25,1.58,3.25,0.05,0.04767,0.04923,1.05
2021-11-13,0,0.25,1.58,3.25,0.05,0.04767,0.04923,1.05
2021-11-14,0,0.25,1.58,3.25,0.05,0.04767,0.04923,1.05
2021-11-15,0,0.25,1.63,3.25,0.05,0.04767,0.04923,1.1
2021-11-16,0,0.25,1.63,3.25,0.05,0.04767,0.04923,1.09
2021-11-17,0,0.25,1.6,3.25,0.05,0.04767,0.04923,1.08
2021-11-18,0,0.25,1.59,3.25,0.05,0.04767,0.04923,1.07
2021-11-19,0,0.25,1.54,3.25,0.05,0.04833,0.04923,1.02
2021-11-20,0,0.25,1.54,3.25,0.05,0.04833,0.04923,1.02
2021-11-21,0,0.25,1.54,3.25,0.05,0.04833,0.04923,1.02
2021-11-22,0,0.25,1.63,3.25,0.05,0.04967,0.04923,1
2021-11-23,0,0.25,1.67,3.25,0.05,0.04967,0.04923,1.07
2021-11-24,0,0.25,1.64,3.25,0.05,0.04967,0.04923,1
2021-11-25,0,0.25,1.64,3.25,0.05,0.04967,0.04923,1
2021-11-26,0,0.25,1.48,3.25,0.05,0.05,0.04923,0.98
2021-11-27,0,0.25,1.48,3.25,0.05,0.05,0.04923,0.98
2021-11-28,0,0.25,1.48,3.25,0.05,0.05,0.04923,0.98
2021-11-29,0,0.25,1.52,3.25,0.05,0.05,0.04923,1.01
2021-11-30,0,0.25,1.43,3.25,0.05,0.05,0.04923,0.91
2021-12-01,0,0.25,1.43,3.25,0.05,0.05,0.04923,0.87
2021-12-02,0,0.25,1.44,3.25,0.05,0.05,0.04923,0.81
2021-12-03,0,0.25,1.35,3.25,0.05,0.05,0.04923,0.75
2021-12-04,0,0.25,1.35,3.25,0.05,0.05,0.04923,0.75
2021-12-05,0,0.25,1.35,3.25,0.05,0.05,0.04923,0.75
2021-12-06,0,0.25,1.43,3.25,0.05,0.05,0.04923,0.78
2021-12-07,0,0.25,1.48,3.25,0.05,0.05,0.04923,0.78
2021-12-08,0,0.25,1.52,3.25,0.05,0.05,0.04923,0.84
2021-12-09,0,0.25,1.49,3.25,0.05,0.05,0.04923,0.79
2021-12-10,0,0.25,1.48,3.25,0.05,0.05,0.04923,0.81
2021-12-11,0,0.25,1.48,3.25,0.05,0.05,0.04923,0.81
2021-12-12,0,0.25,1.48,3.25,0.05,0.05,0.04923,0.81
2021-12-13,0,0.25,1.42,3.25,0.05,0.05,0.04923,0.76
2021-12-14,0,0.25,1.44,3.25,0.05,0.05,0.04923,0.77
2021-12-15,0,0.25,1.47,3.25,0.05,0.05,0.04923,0.78
2021-12-16,0,0.25,1.44,3.25,0.05,0.05,0.04923,0.8
2021-12-17,0,0.25,1.41,3.25,0.05,0.05,0.04923,0.75
2021-12-18,0,0.25,1.41,3.25,0.05,0.05,0.04923,0.75
2021-12-19,0,0.25,1.41,3.25,0.05,0.05,0.04923,0.75
2021-12-20,0,0.25,1.43,3.25,0.04,0.05,0.04923,0.78
2021-12-21,0,0.25,1.48,3.25,0.05,0.04967,0.04911,0.78
2021-12-22,0,0.25,1.46,3.25,0.05,0.04967,0.04911,0.78
2021-12-23,0,0.25,1.5,3.25,0.05,0.04967,0.04911,0.79
2021-12-24,0,0.25,1.5,3.25,0.05,0.04967,0.04911,0.79
2021-12-25,0,0.25,1.5,3.25,0.05,0.04967,0.04911,0.79
2021-12-26,0,0.25,1.5,3.25,0.05,0.04967,0.04911,0.79
2021-12-27,0,0.25,1.48,3.25,0.05,0.04967,0.04911,0.72
2021-12-28,0,0.25,1.49,3.25,0.05,0.04967,0.04911,0.75
2021-12-29,0,0.25,1.55,3.25,0.05,0.04967,0.04911,0.8
2021-12-30,0,0.25,1.52,3.25,0.05,0.04967,0.04911,0.79
2021-12-31,0,0.25,1.52,3.25,0.05,0.04967,0.04911,0.79
2022-01-01,0,0.25,1.52,3.25,0.05,0.04967,0.04911,0.79
2022-01-02,0,0.25,1.52,3.25,0.05,0.04967,0.04911,0.79
2022-01-03,0,0.25,1.63,3.25,0.05,0.04967,0.04911,0.85
2022-01-04,0,0.25,1.66,3.25,0.05,0.04967,0.04911,0.89
2022-01-05,0,0.25,1.71,3.25,0.05,0.04967,0.04911,0.88
2022-01-06,0,0.25,1.73,3.25,0.05,0.04967,0.04911,0.85
2022-01-07,0,0.25,1.76,3.25,0.05,0.04967,0.04911,0.89
2022-01-08,0,0.25,1.76,3.25,0.05,0.04967,0.04911,0.89
2022-01-09,0,0.25,1.76,3.25,0.05,0.04967,0.04911,0.89
2022-01-10,0,0.25,1.78,3.25,0.05,0.04967,0.04911,0.86
2022-01-11,0,0.25,1.75,3.25,0.05,0.04967,0.04911,0.85
2022-01-12,0,0.25,1.74,3.25,0.05,0.04967,0.04911,0.82
2022-01-13,0,0.25,1.7,3.25,0.05,0.04967,0.04911,0.79
2022-01-14,0,0.25,1.78,3.25,0.05,0.04967,0.04911,0.79
2022-01-15,0,0.25,1.78,3.25,0.05,0.04967,0.04911,0.79
2022-01-16,0,0.25,1.78,3.25,0.05,0.04967,0.04911,0.79
2022-01-17,0,0.25,1.78,3.25,0.05,0.04967,0.04911,0.79
2022-01-18,0,0.25,1.87,3.25,0.05,0.04967,0.04934,0.81
2022-01-19,0,0.25,1.83,3.25,0.05,0.04967,0.04956,0.79
2022-01-20,0,0.25,1.83,3.25,0.04,0.05,0.04978,0.75
2022-01-21,0,0.25,1.75,3.25,0.05,0.04967,0.04967,0.74
2022-01-22,0,0.25,1.75,3.25,0.05,0.04967,0.04967,0.74
2022-01-23,0,0.25,1.75,3.25,0.05,0.04967,0.04967,0.74
2022-01-24,0,0.25,1.75,3.25,0.04,0.04967,0.04978,0.76
2022-01-25,0,0.25,1.78,3.25,0.05,0.04933,0.04967,0.76
2022-01-26,0,0.25,1.85,3.25,0.04,0.04933,0.04967,0.72
2022-01-27,0,0.25,1.81,3.25,0.04,0.049,0.04956,0.63
2022-01-28,0,0.25,1.78,3.25,0.05,0.04867,0.04945,0.63
2022-01-29,0,0.25,1.78,3.25,0.05,0.04867,0.04945,0.63
2022-01-30,0,0.25,1.78,3.25,0.05,0.04867,0.04945,0.63
2022-01-31,0,0.25,1.79,3.25,0.05,0.04867,0.04945,0.61
2022-02-01,0,0.25,1.81,3.25,0.05,0.04867,0.04945,0.63
2022-02-02,0,0.25,1.78,3.25,0.05,0.04867,0.04945,0.62
2022-02-03,0,0.25,1.82,3.25,0.05,0.04867,0.04945,0.63
2022-02-04,0,0.25,1.93,3.25,0.05,0.04867,0.04945,0.62
2022-02-05,0,0.25,1.93,3.25,0.05,0.04867,0.04945,0.62
2022-02-06,0,0.25,1.93,3.25,0.05,0.04867,0.04945,0.62
2022-02-07,0,0.25,1.92,3.25,0.05,0.04867,0.04945,0.62
2022-02-08,0,0.25,1.96,3.25,0.05,0.04867,0.04945,0.61
2022-02-09,0,0.25,1.94,3.25,0.04,0.04867,0.04945,0.58
2022-02-10,0,0.25,2.03,3.25,0.05,0.04833,0.04934,0.42
2022-02-11,0,0.25,1.92,3.25,0.05,0.04833,0.04934,0.42
2022-02-12,0,0.25,1.92,3.25,0.05,0.04833,0.04934,0.42
2022-02-13,0,0.25,1.92,3.25,0.05,0.04833,0.04934,0.42
2022-02-14,0,0.25,1.98,3.25,0.05,0.04833,0.04934,0.4
2022-02-15,0,0.25,2.05,3.25,0.05,0.04833,0.04934,0.47
2022-02-16,0,0.25,2.03,3.25,0.05,0.04833,0.04934,0.51
2022-02-17,0,0.25,1.97,3.25,0.05,0.04833,0.04934,0.48
2022-02-18,0,0.25,1.92,3.25,0.05,0.04833,0.04934,0.45
2022-02-19,0,0.25,1.92,3.25,0.05,0.04833,0.04934,0.45
2022-02-20,0,0.25,1.92,3.25,0.05,0.04833,0.04934,0.45
2022-02-21,0,0.25,1.92,3.25,0.05,0.04833,0.04934,0.45
2022-02-22,0,0.25,1.94,3.25,0.05,0.04867,0.04934,0.38
2022-02-23,0,0.25,1.99,3.25,0.05,0.04867,0.04934,0.41
2022-02-24,0,0.25,1.96,3.25,0.05,0.049,0.04934,0.42
2022-02-25,0,0.25,1.97,3.25,0.05,0.049,0.04934,0.42
2022-02-26,0,0.25,1.97,3.25,0.05,0.049,0.04934,0.42
2022-02-27,0,0.25,1.97,3.25,0.05,0.049,0.04934,0.42
2022-02-28,0,0.25,1.83,3.25,0.05,0.04967,0.04934,0.39
2022-03-01,0,0.25,1.72,3.25,0.05,0.04967,0.04934,0.41
2022-03-02,0,0.25,1.86,3.25,0.05,0.04967,0.04934,0.36
2022-03-03,0,0.25,1.86,3.25,0.05,0.04967,0.04934,0.33
2022-03-04,0,0.25,1.74,3.25,0.05,0.04967,0.04934,0.24
2022-03-05,0,0.25,1.74,3.25,0.05,0.04967,0.04934,0.24
2022-03-06,0,0.25,1.74,3.25,0.05,0.04967,0.04934,0.24
2022-03-07,0,0.25,1.78,3.25,0.05,0.04967,0.04934,0.23
2022-03-08,0,0.25,1.86,3.25,0.05,0.04967,0.04934,0.23
2022-03-09,0,0.25,1.94,3.25,0.05,0.04967,0.04934,0.26
2022-03-10,0,0.25,1.98,3.25,0.05,0.04967,0.04934,0.26
2022-03-11,0,0.25,2,3.25,0.05,0.04967,0.04934,0.25
2022-03-12,0,0.25,2,3.25,0.05,0.04967,0.04934,0.25
2022-03-13,0,0.25,2,3.25,0.05,0.04967,0.04934,0.25
2022-03-14,0,0.25,2.14,3.25,0.05,0.05,0.04934,0.27
2022-03-15,0,0.25,2.15,3.25,0.05,0.05,0.04934,0.3
2022-03-16,0,0.25,2.19,3.25,0.05,0.05,0.04934,0.24
2022-03-17,0.25,0.5,2.2,3.5,0.3,0.05,0.04934,0.26
2022-03-18,0.25,0.5,2.14,3.5,0.3,0.05833,0.05211,0.17
2022-03-19,0.25,0.5,2.14,3.5,0.3,0.05833,0.05211,0.17
2022-03-20,0.25,0.5,2.14,3.5,0.3,0.05833,0.05211,0.17
2022-03-21,0.25,0.5,2.32,3.5,0.29,0.08334,0.06056,0.18
2022-03-22,0.25,0.5,2.38,3.5,0.28,0.09134,0.06323,0.2
2022-03-23,0.25,0.5,2.32,3.5,0.27,0.099,0.06578,0.19
2022-03-24,0.25,0.5,2.34,3.5,0.27,0.10634,0.06823,0.21
2022-03-25,0.25,0.5,2.48,3.5,0.28,0.11367,0.07067,0.18
2022-03-26,0.25,0.5,2.48,3.5,0.28,0.11367,0.07067,0.18
2022-03-27,0.25,0.5,2.48,3.5,0.28,0.11367,0.07067,0.18
2022-03-28,0.25,0.5,2.46,3.5,0.28,0.13667,0.07834,0.11
2022-03-29,0.25,0.5,2.41,3.5,0.28,0.14434,0.0809,0.06
2022-03-30,0.25,0.5,2.35,3.5,0.27,0.15201,0.08345,0.04
2022-03-31,0.25,0.5,2.32,3.5,0.29,0.15934,0.0859,0.04
2022-04-01,0.25,0.5,2.39,3.5,0.3,0.16734,0.08856,-0.05
2022-04-02,0.25,0.5,2.39,3.5,0.3,0.16734,0.08856,-0.05
2022-04-03,0.25,0.5,2.39,3.5,0.3,0.16734,0.08856,-0.05
2022-04-04,0.25,0.5,2.42,3.5,0.3,0.19235,0.0969,-0.01
2022-04-05,0.25,0.5,2.54,3.5,0.3,0.20068,0.09968,0.03
2022-04-06,0.25,0.5,2.61,3.5,0.3,0.20902,0.10246,0.11
2022-04-07,0.25,0.5,2.66,3.5,0.3,0.21735,0.10524,0.19
2022-04-08,0.25,0.5,2.72,3.5,0.3,0.22569,0.10801,0.19
2022-04-09,0.25,0.5,2.72,3.5,0.3,0.22569,0.10801,0.19
2022-04-10,0.25,0.5,2.72,3.5,0.3,0.22569,0.10801,0.19
2022-04-11,0.25,0.5,2.79,3.5,0.3,0.25069,0.11635,0.29
2022-04-12,0.25,0.5,2.72,3.5,0.29,0.25903,0.11913,0.33
2022-04-13,0.25,0.5,2.7,3.5,0.29,0.26703,0.1218,0.33
2022-04-14,0.25,0.5,2.83,3.5,0.29,0.27503,0.12446,0.36
2022-04-15,0.25,0.5,2.83,3.5,0.29,0.27503,0.12446,0.36
2022-04-16,0.25,0.5,2.83,3.5,0.29,0.27503,0.12446,0.36
2022-04-17,0.25,0.5,2.83,3.5,0.29,0.27503,0.12446,0.36
2022-04-18,0.25,0.5,2.85,3.5,0.29,0.29037,0.13513,0.39
2022-04-19,0.25,0.5,2.93,3.5,0.28,0.29003,0.1378,0.32
2022-04-20,0.25,0.5,2.85,3.5,0.27,0.28937,0.14036,0.25
2022-04-21,0.25,0.5,2.9,3.5,0.26,0.2887,0.14291,0.22
2022-04-22,0.25,0.5,2.9,3.5,0.27,0.28803,0.14525,0.18
2022-04-23,0.25,0.5,2.9,3.5,0.27,0.28803,0.14525,0.18
2022-04-24,0.25,0.5,2.9,3.5,0.27,0.28803,0.14525,0.18
2022-04-25,0.25,0.5,2.81,3.5,0.27,0.2877,0.15269,0.18
2022-04-26,0.25,0.5,2.77,3.5,0.27,0.28737,0.15514,0.23
2022-04-27,0.25,0.5,2.82,3.5,0.28,0.28703,0.1577,0.24
2022-04-28,0.25,0.5,2.85,3.5,0.28,0.28703,0.16036,0.22
2022-04-29,0.25,0.5,2.89,3.5,0.28,0.28703,0.16292,0.19
2022-04-30,0.25,0.5,2.89,3.5,0.28,0.28703,0.16292,0.19
2022-05-01,0.25,0.5,2.89,3.5,0.28,0.28703,0.16292,0.19
2022-05-02,0.25,0.5,2.99,3.5,0.3,0.28637,0.17059,0.26
2022-05-03,0.25,0.5,2.97,3.5,0.3,0.28637,0.17337,0.19
2022-05-04,0.25,0.5,2.93,3.5,0.3,0.28637,0.17615,0.27
2022-05-05,0.75,1,3.05,4,0.79,0.28637,0.17893,0.34
2022-05-06,0.75,1,3.12,4,0.78,0.3027,0.18715,0.4
2022-05-07,0.75,1,3.12,4,0.78,0.3027,0.18715,0.4
2022-05-08,0.75,1,3.12,4,0.78,0.3027,0.18715,0.4
2022-05-09,0.75,1,3.05,4,0.78,0.35071,0.2115,0.44
2022-05-10,0.75,1,2.99,4,0.78,0.36672,0.21961,0.37
2022-05-11,0.75,1,2.91,4,0.78,0.38272,0.22784,0.25
2022-05-12,0.75,1,2.84,4,0.79,0.39873,0.23596,0.28
2022-05-13,0.75,1,2.93,4,0.79,0.4154,0.24418,0.32
2022-05-14,0.75,1,2.93,4,0.79,0.4154,0.24418,0.32
2022-05-15,0.75,1,2.93,4,0.79,0.4154,0.24418,0.32
2022-05-16,0.75,1,2.88,4,0.8,0.46542,0.26886,0.3
2022-05-17,0.75,1,2.98,4,0.8,0.48242,0.2772,0.27
2022-05-18,0.75,1,2.89,4,0.79,0.49943,0.28554,0.21
2022-05-19,0.75,1,2.84,4,0.79,0.5161,0.29377,0.21
2022-05-20,0.75,1,2.78,4,0.78,0.53311,0.302,0.18
2022-05-21,0.75,1,2.78,4,0.78,0.53311,0.302,0.18
2022-05-22,0.75,1,2.78,4,0.78,0.53311,0.302,0.18
2022-05-23,0.75,1,2.86,4,0.78,0.58446,0.32635,0.21
2022-05-24,0.75,1,2.76,4,0.78,0.60147,0.33447,0.26
2022-05-25,0.75,1,2.75,4,0.78,0.61848,0.34259,0.27
2022-05-26,0.75,1,2.75,4,0.78,0.63549,0.3507,0.29
2022-05-27,0.75,1,2.74,4,0.78,0.6525,0.35882,0.27
2022-05-28,0.75,1,2.74,4,0.78,0.6525,0.35882,0.27
2022-05-29,0.75,1,2.74,4,0.78,0.6525,0.35882,0.27
2022-05-30,0.75,1,2.74,4,0.78,0.6525,0.35882,0.27
2022-05-31,0.75,1,2.85,4,0.79,0.7192,0.3913,0.32
2022-06-01,0.75,1,2.94,4,0.8,0.73621,0.39953,0.28
2022-06-02,0.75,1,2.92,4,0.79,0.75289,0.40787,0.27
2022-06-03,0.75,1,2.96,4,0.78,0.76923,0.4161,0.3
2022-06-04,0.75,1,2.96,4,0.78,0.76923,0.4161,0.3
2022-06-05,0.75,1,2.96,4,0.78,0.76923,0.4161,0.3
2022-06-06,0.75,1,3.04,4,0.78,0.78491,0.44046,0.31
2022-06-07,0.75,1,2.98,4,0.77,0.78491,0.44858,0.23
2022-06-08,0.75,1,3.03,4,0.76,0.78457,0.45659,0.25
2022-06-09,0.75,1,3.04,4,0.75,0.78391,0.46448,0.21
2022-06-10,0.75,1,3.15,4,0.75,0.7829,0.47227,0.09
2022-06-11,0.75,1,3.15,4,0.75,0.7829,0.47227,0.09
2022-06-12,0.75,1,3.15,4,0.75,0.7829,0.47227,0.09
2022-06-13,0.75,1,3.43,4,0.73,0.77924,0.49563,0.03
2022-06-14,0.75,1,3.49,4,0.69,0.77723,0.5032,0.04
2022-06-15,0.75,1,3.33,4,0.7,0.7739,0.51032,0.13
2022-06-16,1.5,1.75,3.28,4.75,1.45,0.77056,0.51477,0.14
2022-06-17,1.5,1.75,3.25,4.75,1.45,0.79224,0.52756,0.08
2022-06-18,1.5,1.75,3.25,4.75,1.45,0.79224,0.52756,0.08
2022-06-19,1.5,1.75,3.25,4.75,1.45,0.79224,0.52756,0.08
2022-06-20,1.5,1.75,3.25,4.75,1.45,0.79224,0.52756,0.08
2022-06-21,1.5,1.75,3.31,4.75,1.45,0.88096,0.57907,0.1
2022-06-22,1.5,1.75,3.16,4.75,1.45,0.90331,0.5922,0.1
2022-06-23,1.5,1.75,3.09,4.75,1.44,0.92566,0.60533,0.08
2022-06-24,1.5,1.75,3.13,4.75,1.46,0.94768,0.61824,0.09
2022-06-25,1.5,1.75,3.13,4.75,1.46,0.94768,0.61824,0.09
2022-06-26,1.5,1.75,3.13,4.75,1.46,0.94768,0.61824,0.09
2022-06-27,1.5,1.75,3.2,4.75,1.5,1.01572,0.65763,0.12
2022-06-28,1.5,1.75,3.2,4.75,1.52,1.03975,0.67121,0.1
2022-06-29,1.5,1.75,3.1,4.75,1.51,1.06443,0.68512,0.04
2022-06-30,1.5,1.75,2.98,4.75,1.5,1.08879,0.6987,0.06
2022-07-01,1.5,1.75,2.88,4.75,1.52,1.11248,0.71206,0.04
2022-07-02,1.5,1.75,2.88,4.75,1.52,1.11248,0.71206,0.04
2022-07-03,1.5,1.75,2.88,4.75,1.52,1.11248,0.71206,0.04
2022-07-04,1.5,1.75,2.88,4.75,1.52,1.11248,0.71206,0.04
2022-07-05,1.5,1.75,2.82,4.75,1.54,1.21022,0.76637,0
2022-07-06,1.5,1.75,2.93,4.75,1.54,1.23558,0.78018,-0.04
2022-07-07,1.5,1.75,3.01,4.75,1.54,1.26094,0.79398,-0.02
2022-07-08,1.5,1.75,3.09,4.75,1.53,1.28663,0.80779,-0.03
2022-07-09,1.5,1.75,3.09,4.75,1.53,1.28663,0.80779,-0.03
2022-07-10,1.5,1.75,3.09,4.75,1.53,1.28663,0.80779,-0.03
2022-07-11,1.5,1.75,2.99,4.75,1.53,1.36438,0.84887,-0.08
2022-07-12,1.5,1.75,2.96,4.75,1.54,1.39041,0.86268,-0.07
2022-07-13,1.5,1.75,2.91,4.75,1.53,1.41677,0.8766,-0.22
2022-07-14,1.5,1.75,2.96,4.75,1.53,1.44347,0.8904,-0.19
2022-07-15,1.5,1.75,2.93,4.75,1.54,1.4715,0.90421,-0.2
2022-07-16,1.5,1.75,2.93,4.75,1.54,1.4715,0.90421,-0.2
2022-07-17,1.5,1.75,2.93,4.75,1.54,1.4715,0.90421,-0.2
2022-07-18,1.5,1.75,2.96,4.75,1.54,1.50554,0.94597,-0.19
2022-07-19,1.5,1.75,3.01,4.75,1.54,1.50855,0.96,-0.22
2022-07-20,1.5,1.75,3.04,4.75,1.53,1.51155,0.97415,-0.21
2022-07-21,1.5,1.75,2.91,4.75,1.53,1.51422,0.9883,-0.19
2022-07-22,1.5,1.75,2.77,4.75,1.52,1.51689,1.00233,-0.21
2022-07-23,1.5,1.75,2.77,4.75,1.52,1.51689,1.00233,-0.21
2022-07-24,1.5,1.75,2.77,4.75,1.52,1.51689,1.00233,-0.21
2022-07-25,1.5,1.75,2.81,4.75,1.53,1.5239,1.0441,-0.19
2022-07-26,1.5,1.75,2.81,4.75,1.53,1.52624,1.05814,-0.21
2022-07-27,1.5,1.75,2.78,4.75,1.53,1.52857,1.07206,-0.18
2022-07-28,2.25,2.5,2.68,5.5,2.28,1.52958,1.08599,-0.17
2022-07-29,2.25,2.5,2.67,5.5,2.27,1.55494,1.10827,-0.22
2022-07-30,2.25,2.5,2.67,5.5,2.27,1.55494,1.10827,-0.22
2022-07-31,2.25,2.5,2.67,5.5,2.27,1.55494,1.10827,-0.22
2022-08-01,2.25,2.5,2.6,5.5,2.28,1.63103,1.17456,-0.3
2022-08-02,2.25,2.5,2.75,5.5,2.3,1.6564,1.19663,-0.31
2022-08-03,2.25,2.5,2.73,5.5,2.29,1.68244,1.21892,-0.37
2022-08-04,2.25,2.5,2.68,5.5,2.29,1.70814,1.23563,-0.35
2022-08-05,2.25,2.5,2.83,5.5,2.28,1.73317,1.25246,-0.41
2022-08-06,2.25,2.5,2.83,5.5,2.28,1.73317,1.25246,-0.41
2022-08-07,2.25,2.5,2.83,5.5,2.28,1.73317,1.25246,-0.41
2022-08-08,2.25,2.5,2.77,5.5,2.28,1.8076,1.30262,-0.44
2022-08-09,2.25,2.5,2.8,5.5,2.29,1.83264,1.31934,-0.48
2022-08-10,2.25,2.5,2.78,5.5,2.28,1.85801,1.33617,-0.45
2022-08-11,2.25,2.5,2.87,5.5,2.28,1.88305,1.35278,-0.36
2022-08-12,2.25,2.5,2.84,5.5,2.28,1.90775,1.36939,-0.41
2022-08-13,2.25,2.5,2.84,5.5,2.28,1.90775,1.36939,-0.41
2022-08-14,2.25,2.5,2.84,5.5,2.28,1.90775,1.36939,-0.41
2022-08-15,2.25,2.5,2.79,5.5,2.29,1.98253,1.41911,-0.41
2022-08-16,2.25,2.5,2.82,5.5,2.29,2.00757,1.43573,-0.43
2022-08-17,2.25,2.5,2.89,5.5,2.29,2.03261,1.45245,-0.39
2022-08-18,2.25,2.5,2.88,5.5,2.28,2.05765,1.46918,-0.34
2022-08-19,2.25,2.5,2.98,5.5,2.28,2.08236,1.48591,-0.27
2022-08-20,2.25,2.5,2.98,5.5,2.28,2.08236,1.48591,-0.27
2022-08-21,2.25,2.5,2.98,5.5,2.28,2.08236,1.48591,-0.27
2022-08-22,2.25,2.5,3.03,5.5,2.28,2.15781,1.53609,-0.29
2022-08-23,2.25,2.5,3.05,5.5,2.27,2.18319,1.55282,-0.24
2022-08-24,2.25,2.5,3.11,5.5,2.27,2.20824,1.56944,-0.25
2022-08-25,2.25,2.5,3.03,5.5,2.28,2.23295,1.58606,-0.32
2022-08-26,2.25,2.5,3.04,5.5,2.28,2.25799,1.60279,-0.33
2022-08-27,2.25,2.5,3.04,5.5,2.28,2.25799,1.60279,-0.33
2022-08-28,2.25,2.5,3.04,5.5,2.28,2.25799,1.60279,-0.33
2022-08-29,2.25,2.5,3.12,5.5,2.28,2.28337,1.65299,-0.3
2022-08-30,2.25,2.5,3.11,5.5,2.29,2.28371,1.66961,-0.35
2022-08-31,2.25,2.5,3.15,5.5,2.29,2.28437,1.68624,-0.3
2022-09-01,2.25,2.5,3.26,5.5,2.29,2.28471,1.70297,-0.25
2022-09-02,2.25,2.5,3.2,5.5,2.29,2.28437,1.71982,-0.2
2022-09-03,2.25,2.5,3.2,5.5,2.29,2.28437,1.71982,-0.2
2022-09-04,2.25,2.5,3.2,5.5,2.29,2.28437,1.71982,-0.2
2022-09-05,2.25,2.5,3.2,5.5,2.29,2.28437,1.71982,-0.2
2022-09-06,2.25,2.5,3.33,5.5,2.29,2.28503,1.78733,-0.17
2022-09-07,2.25,2.5,3.27,5.5,2.28,2.28536,1.8044,-0.18
2022-09-08,2.25,2.5,3.29,5.5,2.28,2.28536,1.82148,-0.19
2022-09-09,2.25,2.5,3.33,5.5,2.28,2.28503,1.83856,-0.23
2022-09-10,2.25,2.5,3.33,5.5,2.28,2.28503,1.83856,-0.23
2022-09-11,2.25,2.5,3.33,5.5,2.28,2.28503,1.83856,-0.23
2022-09-12,2.25,2.5,3.37,5.5,2.28,2.28502,1.89001,-0.21
2022-09-13,2.25,2.5,3.42,5.5,2.28,2.28503,1.90776,-0.33
2022-09-14,2.25,2.5,3.41,5.5,2.27,2.28503,1.9254,-0.37
2022-09-15,2.25,2.5,3.45,5.5,2.28,2.28436,1.93455,-0.42
2022-09-16,2.25,2.5,3.45,5.5,2.27,2.28403,1.94382,-0.4
2022-09-17,2.25,2.5,3.45,5.5,2.27,2.28403,1.94382,-0.4
2022-09-18,2.25,2.5,3.45,5.5,2.27,2.28403,1.94382,-0.4
2022-09-19,2.25,2.5,3.49,5.5,2.27,2.28269,1.97129,-0.46
2022-09-20,2.25,2.5,3.57,5.5,2.26,2.28236,1.98044,-0.39
2022-09-21,2.25,2.5,3.51,5.5,2.25,2.28169,1.98949,-0.51
2022-09-22,3,3.25,3.7,6.25,2.99,2.28069,1.99853,-0.41
2022-09-23,3,3.25,3.69,6.25,2.99,2.30473,2.01562,-0.51
2022-09-24,3,3.25,3.69,6.25,2.99,2.30473,2.01562,-0.51
2022-09-25,3,3.25,3.69,6.25,2.99,2.30473,2.01562,-0.51
2022-09-26,3,3.25,3.88,6.25,2.99,2.37618,2.06642,-0.39
2022-09-27,3,3.25,3.97,6.25,2.98,2.3999,2.08283,-0.33
2022-09-28,3,3.25,3.72,6.25,2.98,2.42328,2.09925,-0.35
2022-09-29,3,3.25,3.76,6.25,2.96,2.44666,2.11578,-0.4
2022-09-30,3,3.25,3.83,6.25,2.98,2.46903,2.13187,-0.39
2022-10-01,3,3.25,3.83,6.25,2.98,2.46903,2.13187,-0.39
2022-10-02,3,3.25,3.83,6.25,2.98,2.46903,2.13187,-0.39
2022-10-03,3,3.25,3.67,6.25,3,2.53816,2.18079,-0.45
2022-10-04,3,3.25,3.62,6.25,3.04,2.56189,2.1971,-0.48
2022-10-05,3,3.25,3.76,6.25,3.04,2.58695,2.21386,-0.39
2022-10-06,3,3.25,3.83,6.25,3.05,2.612,2.23061,-0.4
2022-10-07,3,3.25,3.89,6.25,3.05,2.63738,2.2476,-0.41
2022-10-08,3,3.25,3.89,6.25,3.05,2.63738,2.2476,-0.41
2022-10-09,3,3.25,3.89,6.25,3.05,2.63738,2.2476,-0.41
2022-10-10,3,3.25,3.89,6.25,3.05,2.63738,2.2476,-0.41
2022-10-11,3,3.25,3.93,6.25,3.05,2.74024,2.31541,-0.37
2022-10-12,3,3.25,3.91,6.25,3.04,2.76596,2.33239,-0.37
2022-10-13,3,3.25,3.97,6.25,3.04,2.79135,2.34927,-0.5
2022-10-14,3,3.25,4,6.25,3.04,2.81674,2.36603,-0.48
2022-10-15,3,3.25,4,6.25,3.04,2.81674,2.36603,-0.48
2022-10-16,3,3.25,4,6.25,3.04,2.81674,2.36603,-0.48
2022-10-17,3,3.25,4.02,6.25,3.05,2.89357,2.41632,-0.43
2022-10-18,3,3.25,4.01,6.25,3.04,2.91963,2.4332,-0.42
2022-10-19,3,3.25,4.14,6.25,3.04,2.94536,2.45008,-0.41
2022-10-20,3,3.25,4.24,6.25,3.03,2.97109,2.46696,-0.38
2022-10-21,3,3.25,4.21,6.25,3.02,2.99682,2.48384,-0.28
2022-10-22,3,3.25,4.21,6.25,3.02,2.99682,2.48384,-0.28
2022-10-23,3,3.25,4.21,6.25,3.02,2.99682,2.48384,-0.28
2022-10-24,3,3.25,4.25,6.25,3.01,3.02454,2.53403,-0.25
2022-10-25,3,3.25,4.1,6.25,3.02,3.02522,2.55058,-0.32
2022-10-26,3,3.25,4.04,6.25,3.03,3.02622,2.56724,-0.35
2022-10-27,3,3.25,3.96,6.25,3.04,3.02756,2.57563,-0.34
2022-10-28,3,3.25,4.02,6.25,3.05,3.02956,2.58424,-0.39
2022-10-29,3,3.25,4.02,6.25,3.05,3.02956,2.58424,-0.39
2022-10-30,3,3.25,4.02,6.25,3.05,3.02956,2.58424,-0.39
2022-10-31,3,3.25,4.1,6.25,3.05,3.03724,2.61029,-0.41
2022-11-01,3,3.25,4.07,6.25,3.05,3.03959,2.61867,-0.47
2022-11-02,3,3.25,4.1,6.25,3.05,3.04193,2.62717,-0.51
2022-11-03,3.75,4,4.14,7,3.8,3.0436,2.63567,-0.57
2022-11-04,3.75,4,4.17,7,3.8,3.06899,2.65267,-0.49
2022-11-05,3.75,4,4.17,7,3.8,3.06899,2.65267,-0.49
2022-11-06,3.75,4,4.17,7,3.8,3.06899,2.65267,-0.49
2022-11-07,3.75,4,4.22,7,3.78,3.1445,2.70366,-0.5
2022-11-08,3.75,4,4.14,7,3.78,3.16891,2.72033,-0.53
2022-11-09,3.75,4,4.12,7,3.78,3.19332,2.73711,-0.49
2022-11-10,3.75,4,3.82,7,3.78,3.21771,2.75389,-0.52
2022-11-11,3.75,4,3.82,7,3.78,3.21771,2.75389,-0.52
2022-11-12,3.75,4,3.82,7,3.78,3.21771,2.75389,-0.52
2022-11-13,3.75,4,3.82,7,3.78,3.21771,2.75389,-0.52
2022-11-14,3.75,4,3.88,7,3.79,3.31624,2.82088,-0.52
2022-11-15,3.75,4,3.8,7,3.8,3.34132,2.83766,-0.57
2022-11-16,3.75,4,3.67,7,3.81,3.36672,2.85456,-0.68
2022-11-17,3.75,4,3.77,7,3.8,3.39212,2.87168,-0.66
2022-11-18,3.75,4,3.82,7,3.8,3.41752,2.88869,-0.69
2022-11-19,3.75,4,3.82,7,3.8,3.41752,2.88869,-0.69
2022-11-20,3.75,4,3.82,7,3.8,3.41752,2.88869,-0.69
2022-11-21,3.75,4,3.83,7,3.8,3.49471,2.93971,-0.65
2022-11-22,3.75,4,3.76,7,3.8,3.5208,2.95684,-0.71
2022-11-23,3.75,4,3.71,7,3.79,3.54687,2.97396,-0.75
2022-11-24,3.75,4,3.71,7,3.79,3.54687,2.97396,-0.75
2022-11-25,3.75,4,3.68,7,3.8,3.59867,3.00776,-0.74
2022-11-26,3.75,4,3.68,7,3.8,3.59867,3.00776,-0.74
2022-11-27,3.75,4,3.68,7,3.8,3.59867,3.00776,-0.74
2022-11-28,3.75,4,3.69,7,3.8,3.67487,3.0588,-0.77
2022-11-29,3.75,4,3.75,7,3.81,3.69996,3.0757,-0.73
2022-11-30,3.75,4,3.68,7,3.82,3.72536,3.09272,-0.7
2022-12-01,3.75,4,3.53,7,3.82,3.75111,3.10985,-0.72
2022-12-02,3.75,4,3.51,7,3.81,3.77685,3.12699,-0.77
2022-12-03,3.75,4,3.51,7,3.81,3.77685,3.12699,-0.77
2022-12-04,3.75,4,3.51,7,3.81,3.77685,3.12699,-0.77
2022-12-05,3.75,4,3.6,7,3.81,3.80292,3.17804,-0.81
2022-12-06,3.75,4,3.51,7,3.8,3.80327,3.19506,-0.83
2022-12-07,3.75,4,3.42,7,3.8,3.80327,3.21208,-0.84
2022-12-08,3.75,4,3.48,7,3.8,3.80394,3.22911,-0.83
2022-12-09,3.75,4,3.57,7,3.8,3.8046,3.24614,-0.76
2022-12-10,3.75,4,3.57,7,3.8,3.8046,3.24614,-0.76
2022-12-11,3.75,4,3.57,7,3.8,3.8046,3.24614,-0.76
2022-12-12,3.75,4,3.61,7,3.8,3.80664,3.2972,-0.78
2022-12-13,3.75,4,3.51,7,3.8,3.80732,3.31423,-0.71
2022-12-14,3.75,4,3.49,7,3.8,3.80799,3.33137,-0.74
2022-12-15,4.25,4.5,3.44,7.5,4.32,3.80832,3.3484,-0.79
2022-12-16,4.25,4.5,3.48,7.5,4.32,3.82571,3.37137,-0.69
2022-12-17,4.25,4.5,3.48,7.5,4.32,3.82571,3.37137,-0.69
2022-12-18,4.25,4.5,3.48,7.5,4.32,3.82571,3.37137,-0.69
2022-12-19,4.25,4.5,3.57,7.5,4.3,3.87751,3.44026,-0.68
2022-12-20,4.25,4.5,3.69,7.5,4.3,3.89424,3.46312,-0.56
2022-12-21,4.25,4.5,3.68,7.5,4.3,3.91096,3.48609,-0.53
2022-12-22,4.25,4.5,3.67,7.5,4.3,3.92768,3.50077,-0.57
2022-12-23,4.25,4.5,3.75,7.5,4.3,3.9444,3.51546,-0.56
2022-12-24,4.25,4.5,3.75,7.5,4.3,3.9444,3.51546,-0.56
2022-12-25,4.25,4.5,3.75,7.5,4.3,3.9444,3.51546,-0.56
2022-12-26,4.25,4.5,3.75,7.5,4.3,3.9444,3.51546,-0.56
2022-12-27,4.25,4.5,3.84,7.5,4.3,4.0119,3.57427,-0.48
2022-12-28,4.25,4.5,3.88,7.5,4.3,4.02862,3.58907,-0.43
2022-12-29,4.25,4.5,3.83,7.5,4.3,4.04534,3.60409,-0.51
2022-12-30,4.25,4.5,3.88,7.5,4.3,4.06173,3.61889,-0.53
2022-12-31,4.25,4.5,3.88,7.5,4.3,4.06173,3.61889,-0.53
2023-01-01,4.25,4.5,3.88,7.5,4.3,4.06173,3.61889,-0.53
2023-01-02,4.25,4.5,3.88,7.5,4.3,4.06173,3.61889,-0.53
2023-01-03,4.25,4.5,3.79,7.5,4.31,4.12655,3.67716,-0.61
2023-01-04,4.25,4.5,3.69,7.5,4.3,4.14327,3.6914,-0.67
2023-01-05,4.25,4.5,3.71,7.5,4.31,4.15966,3.70542,-0.74
2023-01-06,4.25,4.5,3.55,7.5,4.31,4.17671,3.71955,-0.69
2023-01-07,4.25,4.5,3.55,7.5,4.31,4.17671,3.71955,-0.69
2023-01-08,4.25,4.5,3.55,7.5,4.31,4.17671,3.71955,-0.69
2023-01-09,4.25,4.5,3.53,7.5,4.31,4.22786,3.76193,-0.66
2023-01-10,4.25,4.5,3.61,7.5,4.31,4.24493,3.77606,-0.63
2023-01-11,4.25,4.5,3.54,7.5,4.3,4.26199,3.79031,-0.66
2023-01-12,4.25,4.5,3.43,7.5,4.3,4.27871,3.80444,-0.69
2023-01-13,4.25,4.5,3.49,7.5,4.3,4.29544,3.81858,-0.73
2023-01-14,4.25,4.5,3.49,7.5,4.3,4.29544,3.81858,-0.73
2023-01-15,4.25,4.5,3.49,7.5,4.3,4.29544,3.81858,-0.73
2023-01-16,4.25,4.5,3.49,7.5,4.3,4.29544,3.81858,-0.73
2023-01-17,4.25,4.5,3.53,7.5,4.31,4.31011,3.87497,-0.65
2023-01-18,4.25,4.5,3.37,7.5,4.3,4.30977,3.88921,-0.69
2023-01-19,4.25,4.5,3.39,7.5,4.31,4.30977,3.90346,-0.7
2023-01-20,4.25,4.5,3.48,7.5,4.3,4.31011,3.91794,-0.66
2023-01-21,4.25,4.5,3.48,7.5,4.3,4.31011,3.91794,-0.66
2023-01-22,4.25,4.5,3.48,7.5,4.3,4.31011,3.91794,-0.66
2023-01-23,4.25,4.5,3.52,7.5,4.3,4.31011,3.96112,-0.69
2023-01-24,4.25,4.5,3.46,7.5,4.3,4.31014,3.97548,-0.66
2023-01-25,4.25,4.5,3.46,7.5,4.31,4.31016,3.98973,-0.65
2023-01-26,4.25,4.5,3.49,7.5,4.3,4.31049,4.00398,-0.68
2023-01-27,4.25,4.5,3.52,7.5,4.3,4.31049,4.01801,-0.67
2023-01-28,4.25,4.5,3.52,7.5,4.3,4.31049,4.01801,-0.67
2023-01-29,4.25,4.5,3.52,7.5,4.3,4.31049,4.01801,-0.67
2023-01-30,4.25,4.5,3.55,7.5,4.3,4.31049,4.06008,-0.7
2023-01-31,4.25,4.5,3.52,7.5,4.31,4.31053,4.07411,-0.69
2023-02-01,4.25,4.5,3.39,7.5,4.31,4.31088,4.08825,-0.7
2023-02-02,4.5,4.75,3.4,7.75,4.56,4.31121,4.09398,-0.69
2023-02-03,4.5,4.75,3.53,7.75,4.55,4.31957,4.10251,-0.77
2023-02-04,4.5,4.75,3.53,7.75,4.55,4.31957,4.10251,-0.77
2023-02-05,4.5,4.75,3.53,7.75,4.55,4.31957,4.10251,-0.77
2023-02-06,4.5,4.75,3.63,7.75,4.55,4.34397,4.12798,-0.81
2023-02-07,4.5,4.75,3.67,7.75,4.55,4.35201,4.13662,-0.8
2023-02-08,4.5,4.75,3.63,7.75,4.55,4.36004,4.14526,-0.82
2023-02-09,4.5,4.75,3.67,7.75,4.55,4.36807,4.15392,-0.81
2023-02-10,4.5,4.75,3.74,7.75,4.55,4.3761,4.16257,-0.76
2023-02-11,4.5,4.75,3.74,7.75,4.55,4.3761,4.16257,-0.76
2023-02-12,4.5,4.75,3.74,7.75,4.55,4.3761,4.16257,-0.76
2023-02-13,4.5,4.75,3.72,7.75,4.55,4.40118,4.18838,-0.8
2023-02-14,4.5,4.75,3.77,7.75,4.55,4.40958,4.1968,-0.83
2023-02-15,4.5,4.75,3.81,7.75,4.55,4.41796,4.2051,-0.81
2023-02-16,4.5,4.75,3.86,7.75,4.55,4.42632,4.21352,-0.76
2023-02-17,4.5,4.75,3.82,7.75,4.55,4.43435,4.22195,-0.78
2023-02-18,4.5,4.75,3.82,7.75,4.55,4.43435,4.22195,-0.78
2023-02-19,4.5,4.75,3.82,7.75,4.55,4.43435,4.22195,-0.78
2023-02-20,4.5,4.75,3.82,7.75,4.55,4.43435,4.22195,-0.78
2023-02-21,4.5,4.75,3.95,7.75,4.55,4.4674,4.2556,-0.72
2023-02-22,4.5,4.75,3.93,7.75,4.55,4.47577,4.26414,-0.73
2023-02-23,4.5,4.75,3.88,7.75,4.55,4.48413,4.27267,-0.78
2023-02-24,4.5,4.75,3.95,7.75,4.55,4.49249,4.2811,-0.83
2023-02-25,4.5,4.75,3.95,7.75,4.55,4.49249,4.2811,-0.83
2023-02-26,4.5,4.75,3.95,7.75,4.55,4.49249,4.2811,-0.83
2023-02-27,4.5,4.75,3.92,7.75,4.55,4.51723,4.30636,-0.86
2023-02-28,4.5,4.75,3.92,7.75,4.55,4.52561,4.31466,-0.89
2023-03-01,4.5,4.75,4.01,7.75,4.55,4.53397,4.32286,-0.88
2023-03-02,4.5,4.75,4.08,7.75,4.55,4.54234,4.33106,-0.81
2023-03-03,4.5,4.75,3.97,7.75,4.55,4.55037,4.33938,-0.89
2023-03-04,4.5,4.75,3.97,7.75,4.55,4.55037,4.33938,-0.89
2023-03-05,4.5,4.75,3.97,7.75,4.55,4.55037,4.33938,-0.89
2023-03-06,4.5,4.75,3.98,7.75,4.55,4.55804,4.3643,-0.91
2023-03-07,4.5,4.75,3.97,7.75,4.55,4.55806,4.37272,-1.03
2023-03-08,4.5,4.75,3.98,7.75,4.55,4.55806,4.38114,-1.07
2023-03-09,4.5,4.75,3.93,7.75,4.55,4.55806,4.38957,-0.97
2023-03-10,4.5,4.75,3.7,7.75,4.55,4.55806,4.398,-0.9
2023-03-11,4.5,4.75,3.7,7.75,4.55,4.55806,4.398,-0.9
2023-03-12,4.5,4.75,3.7,7.75,4.55,4.55806,4.398,-0.9
2023-03-13,4.5,4.75,3.55,7.75,4.55,4.55804,4.42326,-0.48
2023-03-14,4.5,4.75,3.64,7.75,4.55,4.55806,4.43168,-0.56
2023-03-15,4.5,4.75,3.51,7.75,4.58,4.55806,4.44011,-0.42
2023-03-16,4.5,4.75,3.56,7.75,4.57,4.55906,4.44303,-0.58
2023-03-17,4.5,4.75,3.39,7.75,4.55,4.55973,4.44585,-0.42
2023-03-18,4.5,4.75,3.39,7.75,4.55,4.55973,4.44585,-0.42
2023-03-19,4.5,4.75,3.39,7.75,4.55,4.55973,4.44585,-0.42
2023-03-20,4.5,4.75,3.47,7.75,4.55,4.55973,4.45381,-0.45
2023-03-21,4.5,4.75,3.59,7.75,4.55,4.55977,4.45662,-0.58
2023-03-22,4.5,4.75,3.48,7.75,4.55,4.55979,4.45943,-0.48
2023-03-23,4.75,5,3.38,8,4.8,4.55979,4.46224,-0.38
2023-03-24,4.75,5,3.38,8,4.8,4.56815,4.46787,-0.38
2023-03-25,4.75,5,3.38,8,4.8,4.56815,4.46787,-0.38
2023-03-26,4.75,5,3.38,8,4.8,4.56815,4.46787,-0.38
2023-03-27,4.75,5,3.53,8,4.81,4.59322,4.48472,-0.41
2023-03-28,4.75,5,3.55,8,4.84,4.60194,4.49045,-0.47
2023-03-29,4.75,5,3.57,8,4.83,4.61164,4.49651,-0.51
2023-03-30,4.75,5,3.55,8,4.82,4.62101,4.50247,-0.55
2023-03-31,4.75,5,3.48,8,4.87,4.63004,4.50833,-0.58
2023-04-01,4.75,5,3.48,8,4.87,4.63004,4.50833,-0.58
2023-04-02,4.75,5,3.48,8,4.87,4.63004,4.50833,-0.58
2023-04-03,4.75,5,3.43,8,4.84,4.66213,4.52753,-0.54
2023-04-04,4.75,5,3.35,8,4.83,4.67186,4.53349,-0.49
2023-04-05,4.75,5,3.3,8,4.81,4.68123,4.53944,-0.49
2023-04-06,4.75,5,3.3,8,4.81,4.68992,4.54506,-0.52
2023-04-07,4.75,5,3.39,8,4.81,4.68992,4.54506,-0.58
2023-04-08,4.75,5,3.39,8,4.81,4.68992,4.54506,-0.58
2023-04-09,4.75,5,3.39,8,4.81,4.68992,4.54506,-0.58
2023-04-10,4.75,5,3.41,8,4.81,4.72463,4.56751,-0.59
2023-04-11,4.75,5,3.43,8,4.8,4.73335,4.57313,-0.6
2023-04-12,4.75,5,3.41,8,4.8,4.74172,4.57874,-0.54
2023-04-13,4.75,5,3.45,8,4.8,4.75008,4.58436,-0.51
2023-04-14,4.75,5,3.52,8,4.8,4.75845,4.59,-0.56
2023-04-15,4.75,5,3.52,8,4.8,4.75845,4.59,-0.56
2023-04-16,4.75,5,3.52,8,4.8,4.75845,4.59,-0.56
2023-04-17,4.75,5,3.6,8,4.8,4.78184,4.60685,-0.58
2023-04-18,4.75,5,3.58,8,4.8,4.79023,4.61236,-0.61
2023-04-19,4.75,5,3.6,8,4.8,4.79859,4.61798,-0.64
2023-04-20,4.75,5,3.54,8,4.8,4.80696,4.62348,-0.6
2023-04-21,4.75,5,3.57,8,4.8,4.81533,4.62911,-0.6
2023-04-22,4.75,5,3.57,8,4.8,4.81533,4.62911,-0.6
2023-04-23,4.75,5,3.57,8,4.8,4.81533,4.62911,-0.6
2023-04-24,4.75,5,3.52,8,4.8,4.82367,4.64596,-0.6
2023-04-25,4.75,5,3.4,8,4.8,4.82369,4.65158,-0.46
2023-04-26,4.75,5,3.43,8,4.8,4.82369,4.65708,-0.47
2023-04-27,4.75,5,3.53,8,4.81,4.82336,4.6627,-0.54
2023-04-28,4.75,5,3.44,8,4.81,4.82235,4.66845,-0.6
2023-04-29,4.75,5,3.44,8,4.81,4.82235,4.66845,-0.6
2023-04-30,4.75,5,3.44,8,4.81,4.82235,4.66845,-0.6
2023-05-01,4.75,5,3.59,8,4.81,4.81932,4.68563,-0.55
2023-05-02,4.75,5,3.44,8,4.81,4.81734,4.69125,-0.53
2023-05-03,4.75,5,3.38,8,4.81,4.81533,4.69687,-0.51
2023-05-04,5,5.25,3.37,8.25,5.06,4.81432,4.69968,-0.38
2023-05-05,5,5.25,3.44,8.25,5.06,4.82202,4.70542,-0.48
2023-05-06,5,5.25,3.44,8.25,5.06,4.82202,4.70542,-0.48
2023-05-07,5,5.25,3.44,8.25,5.06,4.82202,4.70542,-0.48
2023-05-08,5,5.25,3.52,8.25,5.06,4.84715,4.7226,-0.48
2023-05-09,5,5.25,3.53,8.25,5.06,4.85554,4.72834,-0.48
2023-05-10,5,5.25,3.43,8.25,5.06,4.86391,4.73407,-0.47
2023-05-11,5,5.25,3.39,8.25,5.05,4.87227,4.7398,-0.5
2023-05-12,5,5.25,3.46,8.25,5.05,4.88064,4.74543,-0.52
2023-05-13,5,5.25,3.46,8.25,5.05,4.88064,4.74543,-0.52
2023-05-14,5,5.25,3.46,8.25,5.05,4.88064,4.74543,-0.52
2023-05-15,5,5.25,3.5,8.25,5.06,4.90571,4.76228,-0.49
2023-05-16,5,5.25,3.54,8.25,5.05,4.91443,4.76801,-0.52
2023-05-17,5,5.25,3.57,8.25,5.05,4.9228,4.77363,-0.55
2023-05-18,5,5.25,3.65,8.25,5.05,4.93116,4.77926,-0.59
2023-05-19,5,5.25,3.7,8.25,5.05,4.93953,4.7849,-0.58
2023-05-20,5,5.25,3.7,8.25,5.05,4.93953,4.7849,-0.58
2023-05-21,5,5.25,3.7,8.25,5.05,4.93953,4.7849,-0.58
2023-05-22,5,5.25,3.72,8.25,5.05,4.9646,4.80176,-0.57
2023-05-23,5,5.25,3.7,8.25,5.05,4.97299,4.80738,-0.56
2023-05-24,5,5.25,3.73,8.25,5.05,4.98136,4.813,-0.58
2023-05-25,5,5.25,3.83,8.25,5.06,4.98972,4.81862,-0.67
2023-05-26,5,5.25,3.8,8.25,5.06,4.99843,4.82437,-0.74
2023-05-27,5,5.25,3.8,8.25,5.06,4.99843,4.82437,-0.74
2023-05-28,5,5.25,3.8,8.25,5.06,4.99843,4.82437,-0.74
2023-05-29,5,5.25,3.8,8.25,5.06,4.99843,4.82437,-0.74
2023-05-30,5,5.25,3.69,8.25,5.06,5.03215,4.84726,-0.77
2023-05-31,5,5.25,3.64,8.25,5.08,5.04052,4.853,-0.76
2023-06-01,5,5.25,3.61,8.25,5.08,5.04955,4.85896,-0.72
2023-06-02,5,5.25,3.69,8.25,5.07,5.05859,4.86493,-0.81
2023-06-03,5,5.25,3.69,8.25,5.07,5.05859,4.86493,-0.81
2023-06-04,5,5.25,3.69,8.25,5.07,5.05859,4.86493,-0.81
2023-06-05,5,5.25,3.69,8.25,5.06,5.06794,4.88246,-0.77
2023-06-06,5,5.25,3.7,8.25,5.05,5.06796,4.88819,-0.81
2023-06-07,5,5.25,3.79,8.25,5.05,5.06763,4.89381,-0.77
2023-06-08,5,5.25,3.73,8.25,5.05,5.06729,4.89944,-0.79
2023-06-09,5,5.25,3.75,8.25,5.05,5.06696,4.90507,-0.84
2023-06-10,5,5.25,3.75,8.25,5.05,5.06696,4.90507,-0.84
2023-06-11,5,5.25,3.75,8.25,5.05,5.06696,4.90507,-0.84
2023-06-12,5,5.25,3.73,8.25,5.05,5.0666,4.92192,-0.82
2023-06-13,5,5.25,3.84,8.25,5.05,5.06662,4.92755,-0.83
2023-06-14,5,5.25,3.83,8.25,5.05,5.06662,4.93283,-0.91
2023-06-15,5,5.25,3.72,8.25,5.06,5.06629,4.93823,-0.9
2023-06-16,5,5.25,3.77,8.25,5.05,5.06662,4.94398,-0.93
2023-06-17,5,5.25,3.77,8.25,5.05,5.06662,4.94398,-0.93
2023-06-18,5,5.25,3.77,8.25,5.05,5.06662,4.94398,-0.93
2023-06-19,5,5.25,3.77,8.25,5.05,5.06662,4.94398,-0.93
2023-06-20,5,5.25,3.74,8.25,5.05,5.06655,4.96643,-0.94
2023-06-21,5,5.25,3.72,8.25,5.05,5.06655,4.97206,-0.96
2023-06-22,5,5.25,3.8,8.25,5.05,5.06655,4.97487,-0.97
2023-06-23,5,5.25,3.74,8.25,5.05,5.06655,4.97769,-0.97
2023-06-24,5,5.25,3.74,8.25,5.05,5.06655,4.97769,-0.97
2023-06-25,5,5.25,3.74,8.25,5.05,5.06655,4.97769,-0.97
2023-06-26,5,5.25,3.72,8.25,5.05,5.06588,4.986,-0.93
2023-06-27,5,5.25,3.77,8.25,5.05,5.0656,4.98836,-0.97
2023-06-28,5,5.25,3.71,8.25,5.06,5.06528,4.99084,-1
2023-06-29,5,5.25,3.85,8.25,5.06,5.06528,4.99354,-1.02
2023-06-30,5,5.25,3.81,8.25,5.09,5.06528,4.99569,-1.06
2023-07-01,5,5.25,3.81,8.25,5.09,5.06528,4.99569,-1.06
2023-07-02,5,5.25,3.81,8.25,5.09,5.06528,4.99569,-1.06
2023-07-03,5,5.25,3.86,8.25,5.06,5.0666,5.00343,-1.08
2023-07-04,5,5.25,3.86,8.25,5.06,5.0666,5.00343,-1.08
2023-07-05,5,5.25,3.95,8.25,5.06,5.06593,5.00883,-0.99
2023-07-06,5,5.25,4.05,8.25,5.06,5.06593,5.01166,-0.94
2023-07-07,5,5.25,4.06,8.25,5.06,5.06626,5.01449,-0.88
2023-07-08,5,5.25,4.06,8.25,5.06,5.06626,5.01449,-0.88
2023-07-09,5,5.25,4.06,8.25,5.06,5.06626,5.01449,-0.88
2023-07-10,5,5.25,4.01,8.25,5.06,5.06724,5.02291,-0.84
2023-07-11,5,5.25,3.99,8.25,5.06,5.0676,5.02583,-0.89
2023-07-12,5,5.25,3.86,8.25,5.05,5.06794,5.02876,-0.86
2023-07-13,5,5.25,3.76,8.25,5.06,5.06794,5.03157,-0.83
2023-07-14,5,5.25,3.83,8.25,5.05,5.06827,5.03451,-0.91
2023-07-15,5,5.25,3.83,8.25,5.05,5.06827,5.03451,-0.91
2023-07-16,5,5.25,3.83,8.25,5.05,5.06827,5.03451,-0.91
2023-07-17,5,5.25,3.81,8.25,5.06,5.06794,5.04293,-0.93
2023-07-18,5,5.25,3.8,8.25,5.06,5.06832,5.04585,-0.94
2023-07-19,5,5.25,3.75,8.25,5.05,5.06868,5.04878,-0.99
2023-07-20,5,5.25,3.85,8.25,5.06,5.06868,5.05159,-0.95
2023-07-21,5,5.25,3.84,8.25,5.05,5.06901,5.05453,-0.98
2023-07-22,5,5.25,3.84,8.25,5.05,5.06901,5.05453,-0.98
2023-07-23,5,5.25,3.84,8.25,5.05,5.06901,5.05453,-0.98
2023-07-24,5,5.25,3.86,8.25,5.05,5.06899,5.06295,-0.95
2023-07-25,5,5.25,3.91,8.25,5.06,5.06901,5.06576,-0.94
2023-07-26,5,5.25,3.86,8.25,5.06,5.06935,5.06869,-0.96
2023-07-27,5.25,5.5,4.01,8.5,5.31,5.06968,5.0715,-0.9
2023-07-28,5.25,5.5,3.96,8.5,5.3,5.07838,5.07714,-0.91
2023-07-29,5.25,5.5,3.96,8.5,5.3,5.07838,5.07714,-0.91
2023-07-30,5.25,5.5,3.96,8.5,5.3,5.07838,5.07714,-0.91
2023-07-31,5.25,5.5,3.97,8.5,5.31,5.10145,5.09366,-0.91
2023-08-01,5.25,5.5,4.05,8.5,5.31,5.10884,5.09929,-0.87
2023-08-02,5.25,5.5,4.08,8.5,5.3,5.1162,5.10491,-0.8
2023-08-03,5.25,5.5,4.2,8.5,5.3,5.12426,5.10761,-0.7
2023-08-04,5.25,5.5,4.05,8.5,5.3,5.13229,5.11033,-0.73
2023-08-05,5.25,5.5,4.05,8.5,5.3,5.13229,5.11033,-0.73
2023-08-06,5.25,5.5,4.05,8.5,5.3,5.13229,5.11033,-0.73
2023-08-07,5.25,5.5,4.09,8.5,5.3,5.15636,5.11841,-0.67
2023-08-08,5.25,5.5,4.02,8.5,5.3,5.16441,5.12111,-0.72
2023-08-09,5.25,5.5,4,8.5,5.3,5.17245,5.12381,-0.79
2023-08-10,5.25,5.5,4.09,8.5,5.3,5.18048,5.12662,-0.73
2023-08-11,5.25,5.5,4.16,8.5,5.3,5.18851,5.12945,-0.73
2023-08-12,5.25,5.5,4.16,8.5,5.3,5.18851,5.12945,-0.73
2023-08-13,5.25,5.5,4.16,8.5,5.3,5.18851,5.12945,-0.73
2023-08-14,5.25,5.5,4.19,8.5,5.3,5.21325,5.13776,-0.77
2023-08-15,5.25,5.5,4.21,8.5,5.3,5.22165,5.14057,-0.71
2023-08-16,5.25,5.5,4.28,8.5,5.3,5.23001,5.14339,-0.69
2023-08-17,5.25,5.5,4.3,8.5,5.3,5.23805,5.1462,-0.64
2023-08-18,5.25,5.5,4.26,8.5,5.3,5.24608,5.14903,-0.66
2023-08-19,5.25,5.5,4.26,8.5,5.3,5.24608,5.14903,-0.66
2023-08-20,5.25,5.5,4.26,8.5,5.3,5.24608,5.14903,-0.66
2023-08-21,5.25,5.5,4.34,8.5,5.3,5.27082,5.15745,-0.63
2023-08-22,5.25,5.5,4.34,8.5,5.3,5.27921,5.16026,-0.68
2023-08-23,5.25,5.5,4.19,8.5,5.3,5.28758,5.16308,-0.76
2023-08-24,5.25,5.5,4.23,8.5,5.3,5.29595,5.16578,-0.75
2023-08-25,5.25,5.5,4.25,8.5,5.3,5.30399,5.1685,-0.78
2023-08-26,5.25,5.5,4.25,8.5,5.3,5.30399,5.1685,-0.78
2023-08-27,5.25,5.5,4.25,8.5,5.3,5.30399,5.1685,-0.78
2023-08-28,5.25,5.5,4.2,8.5,5.3,5.31166,5.1766,-0.78
2023-08-29,5.25,5.5,4.12,8.5,5.3,5.31169,5.1793,-0.75
2023-08-30,5.25,5.5,4.12,8.5,5.3,5.31169,5.18178,-0.78
2023-08-31,5.25,5.5,4.09,8.5,5.31,5.31135,5.18426,-0.76
2023-09-01,5.25,5.5,4.18,8.5,5.31,5.31135,5.18697,-0.69
2023-09-02,5.25,5.5,4.18,8.5,5.31,5.31135,5.18697,-0.69
2023-09-03,5.25,5.5,4.18,8.5,5.31,5.31135,5.18697,-0.69
2023-09-04,5.25,5.5,4.18,8.5,5.31,5.31135,5.18697,-0.69
2023-09-05,5.25,5.5,4.27,8.5,5.31,5.31261,5.19807,-0.67
2023-09-06,5.25,5.5,4.3,8.5,5.3,5.31295,5.20099,-0.71
2023-09-07,5.25,5.5,4.27,8.5,5.31,5.31295,5.20381,-0.67
2023-09-08,5.25,5.5,4.26,8.5,5.3,5.31328,5.20675,-0.72
2023-09-09,5.25,5.5,4.26,8.5,5.3,5.31328,5.20675,-0.72
2023-09-10,5.25,5.5,4.26,8.5,5.3,5.31328,5.20675,-0.72
2023-09-11,5.25,5.5,4.29,8.5,5.3,5.31325,5.21517,-0.68
2023-09-12,5.25,5.5,4.27,8.5,5.3,5.31328,5.21799,-0.71
2023-09-13,5.25,5.5,4.25,8.5,5.3,5.31328,5.2208,-0.71
2023-09-14,5.25,5.5,4.29,8.5,5.3,5.31328,5.2235,-0.71
2023-09-15,5.25,5.5,4.33,8.5,5.31,5.31328,5.22634,-0.69
2023-09-16,5.25,5.5,4.33,8.5,5.31,5.31328,5.22634,-0.69
2023-09-17,5.25,5.5,4.33,8.5,5.31,5.31328,5.22634,-0.69
2023-09-18,5.25,5.5,4.32,8.5,5.31,5.31426,5.23511,-0.73
2023-09-19,5.25,5.5,4.37,8.5,5.31,5.31462,5.23804,-0.71
2023-09-20,5.25,5.5,4.35,8.5,5.3,5.31495,5.24097,-0.77
2023-09-21,5.25,5.5,4.49,8.5,5.3,5.31495,5.24378,-0.63
2023-09-22,5.25,5.5,4.44,8.5,5.3,5.31495,5.24661,-0.66
2023-09-23,5.25,5.5,4.44,8.5,5.3,5.31495,5.24661,-0.66
2023-09-24,5.25,5.5,4.44,8.5,5.3,5.31495,5.24661,-0.66
2023-09-25,5.25,5.5,4.55,8.5,5.31,5.31493,5.25503,-0.54
2023-09-26,5.25,5.5,4.56,8.5,5.31,5.31529,5.25796,-0.48
2023-09-27,5.25,5.5,4.61,8.5,5.32,5.31562,5.26077,-0.49
2023-09-28,5.25,5.5,4.59,8.5,5.31,5.31629,5.2637,-0.45
2023-09-29,5.25,5.5,4.59,8.5,5.31,5.31663,5.26619,-0.44
2023-09-30,5.25,5.5,4.59,8.5,5.31,5.31663,5.26619,-0.44
2023-10-01,5.25,5.5,4.59,8.5,5.31,5.31663,5.26619,-0.44
2023-10-02,5.25,5.5,4.69,8.5,5.32,5.31696,5.27395,-0.43
2023-10-03,5.25,5.5,4.81,8.5,5.33,5.31735,5.27688,-0.34
2023-10-04,5.25,5.5,4.73,8.5,5.32,5.31805,5.27991,-0.32
2023-10-05,5.25,5.5,4.72,8.5,5.32,5.31838,5.28284,-0.31
2023-10-06,5.25,5.5,4.78,8.5,5.31,5.31872,5.28578,-0.3
2023-10-07,5.25,5.5,4.78,8.5,5.31,5.31872,5.28578,-0.3
2023-10-08,5.25,5.5,4.78,8.5,5.31,5.31872,5.28578,-0.3
2023-10-09,5.25,5.5,4.78,8.5,5.31,5.31872,5.28578,-0.3
2023-10-10,5.25,5.5,4.66,8.5,5.31,5.31964,5.297,-0.3
2023-10-11,5.25,5.5,4.58,8.5,5.31,5.31998,5.29992,-0.41
2023-10-12,5.25,5.5,4.7,8.5,5.31,5.32031,5.30274,-0.36
2023-10-13,5.25,5.5,4.63,8.5,5.31,5.32064,5.30568,-0.41
2023-10-14,5.25,5.5,4.63,8.5,5.31,5.32064,5.30568,-0.41
2023-10-15,5.25,5.5,4.63,8.5,5.31,5.32064,5.30568,-0.41
2023-10-16,5.25,5.5,4.71,8.5,5.31,5.32129,5.31433,-0.38
2023-10-17,5.25,5.5,4.83,8.5,5.31,5.32131,5.31714,-0.36
2023-10-18,5.25,5.5,4.91,8.5,5.3,5.32131,5.32007,-0.28
2023-10-19,5.25,5.5,4.98,8.5,5.3,5.32098,5.32277,-0.16
2023-10-20,5.25,5.5,4.93,8.5,5.3,5.32064,5.3256,-0.14
2023-10-21,5.25,5.5,4.93,8.5,5.3,5.32064,5.3256,-0.14
2023-10-22,5.25,5.5,4.93,8.5,5.3,5.32064,5.3256,-0.14
2023-10-23,5.25,5.5,4.86,8.5,5.3,5.32062,5.33403,-0.19
2023-10-24,5.25,5.5,4.83,8.5,5.3,5.32064,5.33673,-0.19
2023-10-25,5.25,5.5,4.95,8.5,5.3,5.32064,5.33943,-0.13
2023-10-26,5.25,5.5,4.86,8.5,5.31,5.32031,5.33932,-0.16
2023-10-27,5.25,5.5,4.84,8.5,5.31,5.32031,5.33945,-0.15
2023-10-28,5.25,5.5,4.84,8.5,5.31,5.32031,5.33945,-0.15
2023-10-29,5.25,5.5,4.84,8.5,5.31,5.32031,5.33945,-0.15
2023-10-30,5.25,5.5,4.88,8.5,5.31,5.31995,5.33966,-0.15
2023-10-31,5.25,5.5,4.88,8.5,5.35,5.31998,5.33966,-0.19
2023-11-01,5.25,5.5,4.77,8.5,5.32,5.32131,5.34022,-0.18
2023-11-02,5.25,5.5,4.67,8.5,5.33,5.32131,5.34044,-0.31
2023-11-03,5.25,5.5,4.57,8.5,5.32,5.32131,5.3408,-0.26
2023-11-04,5.25,5.5,4.57,8.5,5.32,5.32131,5.3408,-0.26
2023-11-05,5.25,5.5,4.57,8.5,5.32,5.32131,5.3408,-0.26
2023-11-06,5.25,5.5,4.67,8.5,5.32,5.32165,5.34146,-0.26
2023-11-07,5.25,5.5,4.58,8.5,5.32,5.32204,5.34168,-0.33
2023-11-08,5.25,5.5,4.49,8.5,5.32,5.3224,5.34191,-0.44
2023-11-09,5.25,5.5,4.62,8.5,5.32,5.32273,5.34213,-0.41
2023-11-10,5.25,5.5,4.61,8.5,5.32,5.32307,5.34237,-0.43
2023-11-11,5.25,5.5,4.61,8.5,5.32,5.32307,5.34237,-0.43
2023-11-12,5.25,5.5,4.61,8.5,5.32,5.32307,5.34237,-0.43
2023-11-13,5.25,5.5,4.63,8.5,5.32,5.32404,5.34303,-0.39
2023-11-14,5.25,5.5,4.44,8.5,5.32,5.32441,5.34326,-0.36
2023-11-15,5.25,5.5,4.53,8.5,5.32,5.32474,5.34348,-0.37
2023-11-16,5.25,5.5,4.45,8.5,5.32,5.32507,5.34371,-0.38
2023-11-17,5.25,5.5,4.44,8.5,5.32,5.32541,5.34395,-0.44
2023-11-18,5.25,5.5,4.44,8.5,5.32,5.32541,5.34395,-0.44
2023-11-19,5.25,5.5,4.44,8.5,5.32,5.32541,5.34395,-0.44
2023-11-20,5.25,5.5,4.42,8.5,5.31,5.32739,5.34461,-0.47
2023-11-21,5.25,5.5,4.41,8.5,5.31,5.32775,5.34472,-0.45
2023-11-22,5.25,5.5,4.42,8.5,5.31,5.32809,5.34483,-0.47
2023-11-23,5.25,5.5,4.42,8.5,5.31,5.32809,5.34483,-0.47
2023-11-24,5.25,5.5,4.47,8.5,5.32,5.32873,5.34507,-0.45
2023-11-25,5.25,5.5,4.47,8.5,5.32,5.32873,5.34507,-0.45
2023-11-26,5.25,5.5,4.47,8.5,5.32,5.32873,5.34507,-0.45
2023-11-27,5.25,5.5,4.39,8.5,5.32,5.33004,5.34572,-0.45
2023-11-28,5.25,5.5,4.34,8.5,5.32,5.3304,5.34595,-0.39
2023-11-29,5.25,5.5,4.27,8.5,5.31,5.33074,5.34618,-0.37
2023-11-30,5.25,5.5,4.37,8.5,5.33,5.33074,5.34618,-0.36
2023-12-01,5.25,5.5,4.22,8.5,5.39,5.33007,5.34643,-0.34
2023-12-02,5.25,5.5,4.22,8.5,5.39,5.33007,5.34643,-0.34
2023-12-03,5.25,5.5,4.22,8.5,5.39,5.33007,5.34643,-0.34
2023-12-04,5.25,5.5,4.28,8.5,5.37,5.33674,5.34913,-0.36
2023-12-05,5.25,5.5,4.18,8.5,5.33,5.33844,5.3498,-0.39
2023-12-06,5.25,5.5,4.12,8.5,5.32,5.33877,5.35014,-0.48
2023-12-07,5.25,5.5,4.14,8.5,5.32,5.33877,5.35025,-0.44
2023-12-08,5.25,5.5,4.23,8.5,5.32,5.33877,5.3505,-0.48
2023-12-09,5.25,5.5,4.23,8.5,5.32,5.33877,5.3505,-0.48
2023-12-10,5.25,5.5,4.23,8.5,5.32,5.33877,5.3505,-0.48
2023-12-11,5.25,5.5,4.23,8.5,5.32,5.33874,5.35115,-0.48
2023-12-12,5.25,5.5,4.2,8.5,5.31,5.33877,5.35138,-0.53
2023-12-13,5.25,5.5,4.04,8.5,5.31,5.33844,5.35149,-0.42
2023-12-14,5.25,5.5,3.92,8.5,5.31,5.3381,5.3516,-0.45
2023-12-15,5.25,5.5,3.91,8.5,5.32,5.33777,5.35162,-0.53
2023-12-16,5.25,5.5,3.91,8.5,5.32,5.33777,5.35162,-0.53
2023-12-17,5.25,5.5,3.91,8.5,5.32,5.33777,5.35162,-0.53
2023-12-18,5.25,5.5,3.95,8.5,5.32,5.33774,5.35194,-0.48
2023-12-19,5.25,5.5,3.93,8.5,5.31,5.33777,5.35205,-0.48
2023-12-20,5.25,5.5,3.86,8.5,5.31,5.33743,5.35217,-0.48
2023-12-21,5.25,5.5,3.89,8.5,5.31,5.33743,5.35228,-0.44
2023-12-22,5.25,5.5,3.9,8.5,5.32,5.33743,5.35241,-0.41
2023-12-23,5.25,5.5,3.9,8.5,5.32,5.33743,5.35241,-0.41
2023-12-24,5.25,5.5,3.9,8.5,5.32,5.33743,5.35241,-0.41
2023-12-25,5.25,5.5,3.9,8.5,5.32,5.33743,5.35241,-0.41
2023-12-26,5.25,5.5,3.89,8.5,5.35,5.33805,5.35304,-0.37
2023-12-27,5.25,5.5,3.79,8.5,5.39,5.33905,5.35338,-0.41
2023-12-28,5.25,5.5,3.84,8.5,5.4,5.3414,5.35428,-0.42
2023-12-29,5.25,5.5,3.88,8.5,5.38,5.34407,5.35531,-0.35
2023-12-30,5.25,5.5,3.88,8.5,5.38,5.34407,5.35531,-0.35
2023-12-31,5.25,5.5,3.88,8.5,5.38,5.34407,5.35531,-0.35
2024-01-01,5.25,5.5,3.88,8.5,5.38,5.34407,5.35531,-0.35
2024-01-02,5.25,5.5,3.95,8.5,5.4,5.34734,5.35808,-0.38
2024-01-03,5.25,5.5,3.91,8.5,5.39,5.34768,5.35898,-0.42
2024-01-04,5.25,5.5,3.99,8.5,5.32,5.34835,5.35977,-0.39
2024-01-05,5.25,5.5,4.05,8.5,5.31,5.34801,5.35991,-0.35
2024-01-06,5.25,5.5,4.05,8.5,5.31,5.34801,5.35991,-0.35
2024-01-07,5.25,5.5,4.05,8.5,5.31,5.34801,5.35991,-0.35
2024-01-08,5.25,5.5,4.01,8.5,5.31,5.34698,5.35991,-0.35
2024-01-09,5.25,5.5,4.02,8.5,5.31,5.34667,5.35991,-0.34
2024-01-10,5.25,5.5,4.04,8.5,5.31,5.34634,5.35991,-0.33
2024-01-11,5.25,5.5,3.98,8.5,5.31,5.346,5.35991,-0.28
2024-01-12,5.25,5.5,3.96,8.5,5.31,5.346,5.35993,-0.18
2024-01-13,5.25,5.5,3.96,8.5,5.31,5.346,5.35993,-0.18
2024-01-14,5.25,5.5,3.96,8.5,5.31,5.346,5.35993,-0.18
2024-01-15,5.25,5.5,3.96,8.5,5.31,5.346,5.35993,-0.18
2024-01-16,5.25,5.5,4.07,8.5,5.32,5.34526,5.35988,-0.15
2024-01-17,5.25,5.5,4.1,8.5,5.32,5.34526,5.36011,-0.24
2024-01-18,5.25,5.5,4.14,8.5,5.31,5.34526,5.36033,-0.2
2024-01-19,5.25,5.5,4.15,8.5,5.31,5.34526,5.36046,-0.24
2024-01-20,5.25,5.5,4.15,8.5,5.31,5.34526,5.36046,-0.24
2024-01-21,5.25,5.5,4.15,8.5,5.31,5.34526,5.36046,-0.24
2024-01-22,5.25,5.5,4.11,8.5,5.31,5.34492,5.36078,-0.26
2024-01-23,5.25,5.5,4.14,8.5,5.31,5.34464,5.36089,-0.17
2024-01-24,5.25,5.5,4.18,8.5,5.31,5.34433,5.36101,-0.16
2024-01-25,5.25,5.5,4.14,8.5,5.32,5.344,5.36101,-0.14
2024-01-26,5.25,5.5,4.15,8.5,5.32,5.34299,5.36114,-0.19
2024-01-27,5.25,5.5,4.15,8.5,5.32,5.34299,5.36114,-0.19
2024-01-28,5.25,5.5,4.15,8.5,5.32,5.34299,5.36114,-0.19
2024-01-29,5.25,5.5,4.08,8.5,5.31,5.33596,5.36146,-0.21
2024-01-30,5.25,5.5,4.06,8.5,5.31,5.33367,5.36101,-0.3
2024-01-31,5.25,5.5,3.99,8.5,5.32,5.33136,5.36089,-0.28
2024-02-01,5.25,5.5,3.87,8.5,5.32,5.32935,5.36078,-0.33
2024-02-02,5.25,5.5,4.03,8.5,5.32,5.32667,5.3608,-0.33
2024-02-03,5.25,5.5,4.03,8.5,5.32,5.32667,5.3608,-0.33
2024-02-04,5.25,5.5,4.03,8.5,5.32,5.32667,5.3608,-0.33
2024-02-05,5.25,5.5,4.17,8.5,5.31,5.32463,5.36078,-0.29
2024-02-06,5.25,5.5,4.09,8.5,5.31,5.32466,5.36067,-0.3
2024-02-07,5.25,5.5,4.09,8.5,5.31,5.32466,5.36056,-0.32
2024-02-08,5.25,5.5,4.15,8.5,5.31,5.32466,5.36044,-0.31
2024-02-09,5.25,5.5,4.17,8.5,5.31,5.32466,5.36035,-0.31
2024-02-10,5.25,5.5,4.17,8.5,5.31,5.32466,5.36035,-0.31
2024-02-11,5.25,5.5,4.17,8.5,5.31,5.32466,5.36035,-0.31
2024-02-12,5.25,5.5,4.17,8.5,5.31,5.32466,5.35999,-0.29
2024-02-13,5.25,5.5,4.31,8.5,5.31,5.32471,5.35988,-0.33
2024-02-14,5.25,5.5,4.27,8.5,5.3,5.32474,5.35977,-0.29
2024-02-15,5.25,5.5,4.24,8.5,5.31,5.3244,5.35954,-0.32
2024-02-16,5.25,5.5,4.3,8.5,5.3,5.32407,5.35945,-0.34
2024-02-17,5.25,5.5,4.3,8.5,5.3,5.32407,5.35945,-0.34
2024-02-18,5.25,5.5,4.3,8.5,5.3,5.32407,5.35945,-0.34
2024-02-19,5.25,5.5,4.3,8.5,5.3,5.32407,5.35945,-0.34
2024-02-20,5.25,5.5,4.27,8.5,5.3,5.32232,5.35873,-0.32
2024-02-21,5.25,5.5,4.32,8.5,5.3,5.32198,5.35863,-0.32
2024-02-22,5.25,5.5,4.33,8.5,5.3,5.32165,5.35851,-0.36
2024-02-23,5.25,5.5,4.26,8.5,5.31,5.32131,5.35831,-0.41
2024-02-24,5.25,5.5,4.26,8.5,5.31,5.32131,5.35831,-0.41
2024-02-25,5.25,5.5,4.26,8.5,5.31,5.32131,5.35831,-0.41
2024-02-26,5.25,5.5,4.28,8.5,5.31,5.32062,5.35795,-0.41
2024-02-27,5.25,5.5,4.31,8.5,5.31,5.32031,5.35784,-0.39
2024-02-28,5.25,5.5,4.27,8.5,5.31,5.31998,5.35784,-0.37
2024-02-29,5.25,5.5,4.25,8.5,5.32,5.31998,5.35761,-0.39
2024-03-01,5.25,5.5,4.19,8.5,5.31,5.32031,5.35684,-0.35
2024-03-02,5.25,5.5,4.19,8.5,5.31,5.32031,5.35684,-0.35
2024-03-03,5.25,5.5,4.19,8.5,5.31,5.32031,5.35684,-0.35
2024-03-04,5.25,5.5,4.22,8.5,5.31,5.31928,5.35435,-0.39
2024-03-05,5.25,5.5,4.13,8.5,5.31,5.31897,5.35412,-0.41
2024-03-06,5.25,5.5,4.11,8.5,5.31,5.31864,5.35401,-0.44
2024-03-07,5.25,5.5,4.09,8.5,5.31,5.31864,5.3539,-0.41
2024-03-08,5.25,5.5,4.09,8.5,5.31,5.31864,5.3538,-0.39
2024-03-09,5.25,5.5,4.09,8.5,5.31,5.31864,5.3538,-0.39
2024-03-10,5.25,5.5,4.09,8.5,5.31,5.31864,5.3538,-0.39
2024-03-11,5.25,5.5,4.1,8.5,5.31,5.31861,5.35345,-0.41
2024-03-12,5.25,5.5,4.16,8.5,5.31,5.31864,5.35345,-0.42
2024-03-13,5.25,5.5,4.19,8.5,5.31,5.31864,5.35345,-0.42
2024-03-14,5.25,5.5,4.29,8.5,5.31,5.31864,5.35345,-0.39
2024-03-15,5.25,5.5,4.31,8.5,5.31,5.31864,5.35335,-0.41
2024-03-16,5.25,5.5,4.31,8.5,5.31,5.31864,5.35335,-0.41
2024-03-17,5.25,5.5,4.31,8.5,5.31,5.31864,5.35335,-0.41
2024-03-18,5.25,5.5,4.34,8.5,5.31,5.31931,5.353,-0.39
2024-03-19,5.25,5.5,4.3,8.5,5.31,5.31969,5.353,-0.38
2024-03-20,5.25,5.5,4.27,8.5,5.31,5.32005,5.353,-0.32
2024-03-21,5.25,5.5,4.27,8.5,5.31,5.32039,5.353,-0.35
2024-03-22,5.25,5.5,4.22,8.5,5.31,5.32072,5.35291,-0.37
2024-03-23,5.25,5.5,4.22,8.5,5.31,5.32072,5.35291,-0.37
2024-03-24,5.25,5.5,4.22,8.5,5.31,5.32072,5.35291,-0.37
2024-03-25,5.25,5.5,4.25,8.5,5.31,5.32137,5.35257,-0.29
2024-03-26,5.25,5.5,4.24,8.5,5.32,5.32139,5.35212,-0.32
2024-03-27,5.25,5.5,4.2,8.5,5.33,5.32173,5.35134,-0.34
2024-03-28,5.25,5.5,4.2,8.5,5.34,5.3224,5.35055,-0.39
2024-03-29,5.25,5.5,4.2,8.5,5.34,5.3224,5.35055,-0.39
2024-03-30,5.25,5.5,4.2,8.5,5.34,5.3224,5.35055,-0.39
2024-03-31,5.25,5.5,4.2,8.5,5.34,5.3224,5.35055,-0.39
2024-04-01,5.25,5.5,4.33,8.5,5.35,5.32597,5.34875,-0.39
2024-04-02,5.25,5.5,4.36,8.5,5.34,5.32734,5.34818,-0.34
2024-04-03,5.25,5.5,4.36,8.5,5.32,5.32834,5.34762,-0.32
2024-04-04,5.25,5.5,4.31,8.5,5.32,5.32868,5.34762,-0.34
2024-04-05,5.25,5.5,4.39,8.5,5.32,5.32901,5.34775,-0.34
2024-04-06,5.25,5.5,4.39,8.5,5.32,5.32901,5.34775,-0.34
2024-04-07,5.25,5.5,4.39,8.5,5.32,5.32901,5.34775,-0.34
2024-04-08,5.25,5.5,4.42,8.5,5.31,5.32999,5.34807,-0.36
2024-04-09,5.25,5.5,4.36,8.5,5.31,5.33002,5.34807,-0.38
2024-04-10,5.25,5.5,4.55,8.5,5.31,5.33002,5.34807,-0.42
2024-04-11,5.25,5.5,4.56,8.5,5.31,5.33002,5.34807,-0.37
2024-04-12,5.25,5.5,4.5,8.5,5.31,5.33002,5.3481,-0.38
2024-04-13,5.25,5.5,4.5,8.5,5.31,5.33002,5.3481,-0.38
2024-04-14,5.25,5.5,4.5,8.5,5.31,5.33002,5.3481,-0.38
2024-04-15,5.25,5.5,4.63,8.5,5.32,5.32999,5.3481,-0.3
2024-04-16,5.25,5.5,4.67,8.5,5.31,5.33035,5.3481,-0.3
2024-04-17,5.25,5.5,4.59,8.5,5.31,5.33035,5.34798,-0.34
2024-04-18,5.25,5.5,4.64,8.5,5.3,5.33035,5.34798,-0.34
2024-04-19,5.25,5.5,4.62,8.5,5.31,5.33002,5.34789,-0.35
2024-04-20,5.25,5.5,4.62,8.5,5.31,5.33002,5.34789,-0.35
2024-04-21,5.25,5.5,4.62,8.5,5.31,5.33002,5.34789,-0.35
2024-04-22,5.25,5.5,4.62,8.5,5.31,5.32999,5.34787,-0.35
2024-04-23,5.25,5.5,4.61,8.5,5.31,5.33002,5.34787,-0.25
2024-04-24,5.25,5.5,4.65,8.5,5.31,5.33002,5.34787,-0.24
2024-04-25,5.25,5.5,4.7,8.5,5.31,5.33002,5.34776,-0.26
2024-04-26,5.25,5.5,4.67,8.5,5.32,5.32968,5.34766,-0.29
2024-04-27,5.25,5.5,4.67,8.5,5.32,5.32968,5.34766,-0.29
2024-04-28,5.25,5.5,4.67,8.5,5.32,5.32968,5.34766,-0.29
2024-04-29,5.25,5.5,4.63,8.5,5.32,5.32806,5.34776,-0.34
2024-04-30,5.25,5.5,4.69,8.5,5.34,5.32742,5.34787,-0.35
2024-05-01,5.25,5.5,4.63,8.5,5.32,5.32742,5.3481,-0.33
2024-05-02,5.25,5.5,4.58,8.5,5.31,5.32641,5.3481,-0.29
2024-05-03,5.25,5.5,4.5,8.5,5.31,5.32541,5.348,-0.31
2024-05-04,5.25,5.5,4.5,8.5,5.31,5.32541,5.348,-0.31
2024-05-05,5.25,5.5,4.5,8.5,5.31,5.32541,5.348,-0.31
2024-05-06,5.25,5.5,4.49,8.5,5.31,5.32438,5.34776,-0.33
2024-05-07,5.25,5.5,4.47,8.5,5.31,5.32407,5.34776,-0.35
2024-05-08,5.25,5.5,4.48,8.5,5.31,5.32374,5.34776,-0.36
2024-05-09,5.25,5.5,4.45,8.5,5.31,5.32374,5.34776,-0.35
2024-05-10,5.25,5.5,4.5,8.5,5.31,5.32374,5.34778,-0.37
2024-05-11,5.25,5.5,4.5,8.5,5.31,5.32374,5.34778,-0.37
2024-05-12,5.25,5.5,4.5,8.5,5.31,5.32374,5.34778,-0.37
2024-05-13,5.25,5.5,4.48,8.5,5.31,5.32371,5.34776,-0.37
2024-05-14,5.25,5.5,4.45,8.5,5.31,5.32374,5.34776,-0.36
2024-05-15,5.25,5.5,4.36,8.5,5.31,5.32374,5.34787,-0.37
2024-05-16,5.25,5.5,4.38,8.5,5.31,5.3234,5.34787,-0.4
2024-05-17,5.25,5.5,4.42,8.5,5.31,5.3234,5.34801,-0.41
2024-05-18,5.25,5.5,4.42,8.5,5.31,5.3234,5.34801,-0.41
2024-05-19,5.25,5.5,4.42,8.5,5.31,5.3234,5.34801,-0.41
2024-05-20,5.25,5.5,4.44,8.5,5.31,5.32371,5.34835,-0.38
2024-05-21,5.25,5.5,4.41,8.5,5.31,5.32374,5.34846,-0.41
2024-05-22,5.25,5.5,4.43,8.5,5.31,5.32374,5.34857,-0.43
2024-05-23,5.25,5.5,4.47,8.5,5.31,5.32374,5.34869,-0.44
2024-05-24,5.25,5.5,4.46,8.5,5.32,5.32374,5.3487,-0.47
2024-05-25,5.25,5.5,4.46,8.5,5.32,5.32374,5.3487,-0.47
2024-05-26,5.25,5.5,4.46,8.5,5.32,5.32374,5.3487,-0.47
2024-05-27,5.25,5.5,4.46,8.5,5.32,5.32374,5.3487,-0.47
2024-05-28,5.25,5.5,4.54,8.5,5.32,5.32433,5.34911,-0.4
2024-05-29,5.25,5.5,4.61,8.5,5.33,5.32433,5.34922,-0.35
2024-05-30,5.25,5.5,4.55,8.5,5.33,5.32466,5.34934,-0.37
2024-05-31,5.25,5.5,4.51,8.5,5.34,5.32433,5.34958,-0.38
2024-06-01,5.25,5.5,4.51,8.5,5.34,5.32433,5.34958,-0.38
2024-06-02,5.25,5.5,4.51,8.5,5.34,5.32433,5.34958,-0.38
2024-06-03,5.25,5.5,4.41,8.5,5.35,5.32698,5.35057,-0.41
2024-06-04,5.25,5.5,4.33,8.5,5.33,5.32834,5.35102,-0.44
2024-06-05,5.25,5.5,4.29,8.5,5.33,5.32901,5.35125,-0.43
2024-06-06,5.25,5.5,4.28,8.5,5.33,5.32968,5.35147,-0.44
2024-06-07,5.25,5.5,4.43,8.5,5.33,5.33035,5.35172,-0.44
2024-06-08,5.25,5.5,4.43,8.5,5.33,5.33035,5.35172,-0.44
2024-06-09,5.25,5.5,4.43,8.5,5.33,5.33035,5.35172,-0.44
2024-06-10,5.25,5.5,4.47,8.5,5.32,5.33233,5.35237,-0.4
2024-06-11,5.25,5.5,4.39,8.5,5.32,5.33269,5.35249,-0.42
2024-06-12,5.25,5.5,4.31,8.5,5.31,5.33303,5.3526,-0.44
2024-06-13,5.25,5.5,4.24,8.5,5.31,5.33303,5.3526,-0.44
2024-06-14,5.25,5.5,4.2,8.5,5.31,5.33303,5.35262,-0.47
2024-06-15,5.25,5.5,4.2,8.5,5.31,5.33303,5.35262,-0.47
2024-06-16,5.25,5.5,4.2,8.5,5.31,5.33303,5.35262,-0.47
2024-06-17,5.25,5.5,4.28,8.5,5.33,5.333,5.3526,-0.47
2024-06-18,5.25,5.5,4.22,8.5,5.33,5.3337,5.35282,-0.47
2024-06-19,5.25,5.5,4.22,8.5,5.33,5.3337,5.35282,-0.47
2024-06-20,5.25,5.5,4.25,8.5,5.32,5.33501,5.35327,-0.45
2024-06-21,5.25,5.5,4.25,8.5,5.31,5.33535,5.3534,-0.45
2024-06-22,5.25,5.5,4.25,8.5,5.31,5.33535,5.3534,-0.45
2024-06-23,5.25,5.5,4.25,8.5,5.31,5.33535,5.3534,-0.45
2024-06-24,5.25,5.5,4.25,8.5,5.31,5.33501,5.35338,-0.46
2024-06-25,5.25,5.5,4.23,8.5,5.33,5.33473,5.35327,-0.42
2024-06-26,5.25,5.5,4.32,8.5,5.34,5.33509,5.35327,-0.39
2024-06-27,5.25,5.5,4.29,8.5,5.34,5.33576,5.35329,-0.41
2024-06-28,5.25,5.5,4.36,8.5,5.33,5.33643,5.35331,-0.35
2024-06-29,5.25,5.5,4.36,8.5,5.33,5.33643,5.35331,-0.35
2024-06-30,5.25,5.5,4.36,8.5,5.33,5.33643,5.35331,-0.35
2024-07-01,5.25,5.5,4.48,8.5,5.4,5.33607,5.35284,-0.29
2024-07-02,5.25,5.5,4.43,8.5,5.35,5.3381,5.35352,-0.31
2024-07-03,5.25,5.5,4.36,8.5,5.33,5.33844,5.35386,-0.35
2024-07-04,5.25,5.5,4.36,8.5,5.33,5.33844,5.35386,-0.35
2024-07-05,5.25,5.5,4.28,8.5,5.32,5.33774,5.35409,-0.32
2024-07-06,5.25,5.5,4.28,8.5,5.32,5.33774,5.35409,-0.32
2024-07-07,5.25,5.5,4.28,8.5,5.32,5.33774,5.35409,-0.32
2024-07-08,5.25,5.5,4.28,8.5,5.32,5.33671,5.35419,-0.34
2024-07-09,5.25,5.5,4.3,8.5,5.34,5.3364,5.3543,-0.32
2024-07-10,5.25,5.5,4.28,8.5,5.34,5.33674,5.35464,-0.34
2024-07-11,5.25,5.5,4.2,8.5,5.34,5.33741,5.35497,-0.3
2024-07-12,5.25,5.5,4.18,8.5,5.34,5.33808,5.35533,-0.27
2024-07-13,5.25,5.5,4.18,8.5,5.34,5.33808,5.35533,-0.27
2024-07-14,5.25,5.5,4.18,8.5,5.34,5.33808,5.35533,-0.27
2024-07-15,5.25,5.5,4.23,8.5,5.34,5.34106,5.35621,-0.21
2024-07-16,5.25,5.5,4.17,8.5,5.35,5.34209,5.35655,-0.26
2024-07-17,5.25,5.5,4.16,8.5,5.35,5.34343,5.357,-0.26
2024-07-18,5.25,5.5,4.2,8.5,5.34,5.3441,5.35756,-0.26
2024-07-19,5.25,5.5,4.25,8.5,5.34,5.34446,5.35792,-0.24
2024-07-20,5.25,5.5,4.25,8.5,5.34,5.34446,5.35792,-0.24
2024-07-21,5.25,5.5,4.25,8.5,5.34,5.34446,5.35792,-0.24
2024-07-22,5.25,5.5,4.26,8.5,5.33,5.34644,5.35891,-0.24
2024-07-23,5.25,5.5,4.25,8.5,5.34,5.34714,5.35914,-0.15
2024-07-24,5.25,5.5,4.28,8.5,5.34,5.34814,5.35948,-0.09
2024-07-25,5.25,5.5,4.27,8.5,5.35,5.34915,5.35981,-0.14
2024-07-26,5.25,5.5,4.2,8.5,5.35,5.34982,5.36017,-0.16
2024-07-27,5.25,5.5,4.2,8.5,5.35,5.34982,5.36017,-0.16
2024-07-28,5.25,5.5,4.2,8.5,5.35,5.34982,5.36017,-0.16
2024-07-29,5.25,5.5,4.17,8.5,5.33,5.35113,5.36116,-0.19
2024-07-30,5.25,5.5,4.15,8.5,5.33,5.35116,5.36105,-0.2
2024-07-31,5.25,5.5,4.09,8.5,5.38,5.35116,5.36116,-0.2
2024-08-01,5.25,5.5,3.99,8.5,5.35,5.35049,5.36195,-0.17
2024-08-02,5.25,5.5,3.8,8.5,5.35,5.35049,5.36242,-0.08
2024-08-03,5.25,5.5,3.8,8.5,5.35,5.35049,5.36242,-0.08
2024-08-04,5.25,5.5,3.8,8.5,5.35,5.35049,5.36242,-0.08
2024-08-05,5.25,5.5,3.78,8.5,5.32,5.35283,5.36375,-0.11
2024-08-06,5.25,5.5,3.9,8.5,5.33,5.35286,5.36387,-0.09
2024-08-07,5.25,5.5,3.96,8.5,5.33,5.35319,5.36409,-0.04
2024-08-08,5.25,5.5,3.99,8.5,5.34,5.35353,5.36432,-0.05
2024-08-09,5.25,5.5,3.94,8.5,5.34,5.35353,5.36467,-0.11
2024-08-10,5.25,5.5,3.94,8.5,5.34,5.35353,5.36467,-0.11
2024-08-11,5.25,5.5,3.94,8.5,5.34,5.35353,5.36467,-0.11
2024-08-12,5.25,5.5,3.9,8.5,5.34,5.3535,5.36567,-0.11
2024-08-13,5.25,5.5,3.85,8.5,5.34,5.35353,5.366,-0.08
2024-08-14,5.25,5.5,3.83,8.5,5.33,5.35353,5.36634,-0.11
2024-08-15,5.25,5.5,3.92,8.5,5.35,5.35319,5.36657,-0.16
2024-08-16,5.25,5.5,3.89,8.5,5.32,5.35319,5.36704,-0.17
2024-08-17,5.25,5.5,3.89,8.5,5.32,5.35319,5.36704,-0.17
2024-08-18,5.25,5.5,3.89,8.5,5.32,5.35319,5.36704,-0.17
2024-08-19,5.25,5.5,3.86,8.5,5.32,5.35082,5.36736,-0.2
2024-08-20,5.25,5.5,3.82,8.5,5.32,5.35018,5.36747,-0.17
2024-08-21,5.25,5.5,3.79,8.5,5.31,5.34951,5.36758,-0.13
2024-08-22,5.25,5.5,3.86,8.5,5.31,5.34884,5.36758,-0.13
2024-08-23,5.25,5.5,3.81,8.5,5.33,5.34784,5.36749,-0.09
2024-08-24,5.25,5.5,3.81,8.5,5.33,5.34784,5.36749,-0.09
2024-08-25,5.25,5.5,3.81,8.5,5.33,5.34784,5.36749,-0.09
2024-08-26,5.25,5.5,3.82,8.5,5.34,5.34614,5.36783,-0.09
2024-08-27,5.25,5.5,3.83,8.5,5.35,5.34583,5.36806,0
2024-08-28,5.25,5.5,3.84,8.5,5.35,5.34583,5.36828,0.01
2024-08-29,5.25,5.5,3.87,8.5,5.33,5.3465,5.36851,0
2024-08-30,5.25,5.5,3.91,8.5,5.32,5.3465,5.36841,0
2024-08-31,5.25,5.5,3.91,8.5,5.32,5.3465,5.36841,0
2024-09-01,5.25,5.5,3.91,8.5,5.32,5.3465,5.36841,0
2024-09-02,5.25,5.5,3.91,8.5,5.32,5.3465,5.36841,0
2024-09-03,5.25,5.5,3.84,8.5,5.34,5.3414,5.36747,-0.04
2024-09-04,5.25,5.5,3.77,8.5,5.35,5.34106,5.36758,0.01
2024-09-05,5.25,5.5,3.73,8.5,5.35,5.34207,5.36781,-0.02
2024-09-06,5.25,5.5,3.72,8.5,5.34,5.34274,5.36805,0.06
2024-09-07,5.25,5.5,3.72,8.5,5.34,5.34274,5.36805,0.06
2024-09-08,5.25,5.5,3.72,8.5,5.34,5.34274,5.36805,0.06
2024-09-09,5.25,5.5,3.7,8.5,5.34,5.34304,5.36848,0.02
2024-09-10,5.25,5.5,3.65,8.5,5.33,5.34307,5.36871,0.06
2024-09-11,5.25,5.5,3.65,8.5,5.32,5.34274,5.36893,0.03
2024-09-12,5.25,5.5,3.68,8.5,5.33,5.34207,5.36904,0.04
2024-09-13,5.25,5.5,3.66,8.5,5.33,5.34173,5.36929,0.09
2024-09-14,5.25,5.5,3.66,8.5,5.33,5.34173,5.36929,0.09
2024-09-15,5.25,5.5,3.66,8.5,5.33,5.34173,5.36929,0.09
2024-09-16,5.25,5.5,3.63,8.5,5.38,5.34137,5.36972,0.07
2024-09-17,5.25,5.5,3.65,8.5,5.38,5.34341,5.37029,0.06
2024-09-18,5.25,5.5,3.7,8.5,5.33,5.34541,5.37085,0.09
2024-09-19,4.75,5,3.73,8,4.82,5.34575,5.37097,0.14
2024-09-20,4.75,5,3.73,8,4.83,5.32901,5.36547,0.18
2024-09-21,4.75,5,3.73,8,4.83,5.32901,5.36547,0.18
2024-09-22,4.75,5,3.73,8,4.83,5.32901,5.36547,0.18
2024-09-23,4.75,5,3.75,8,4.83,5.28012,5.34924,0.18
2024-09-24,4.75,5,3.74,8,4.84,5.26341,5.34361,0.25
2024-09-25,4.75,5,3.79,8,4.84,5.24701,5.33798,0.26
2024-09-26,4.75,5,3.79,8,4.83,5.23027,5.33236,0.19
2024-09-27,4.75,5,3.75,8,4.84,5.21287,5.32675,0.2
2024-09-28,4.75,5,3.75,8,4.84,5.21287,5.32675,0.2
2024-09-29,4.75,5,3.75,8,4.84,5.21287,5.32675,0.2
2024-09-30,4.75,5,3.81,8,4.96,5.16334,5.3094,0.15
2024-10-01,4.75,5,3.74,8,5.05,5.15134,5.30501,0.13
2024-10-02,4.75,5,3.79,8,4.92,5.14233,5.30186,0.16
2024-10-03,4.75,5,3.85,8,4.85,5.12894,5.29725,0.15
2024-10-04,4.75,5,3.98,8,4.83,5.11254,5.29197,0.05
2024-10-05,4.75,5,3.98,8,4.83,5.11254,5.29197,0.05
2024-10-06,4.75,5,3.98,8,4.83,5.11254,5.29197,0.05
2024-10-07,4.75,5,4.03,8,4.83,5.06065,5.27541,0.04
2024-10-08,4.75,5,4.04,8,4.84,5.04361,5.26967,0.06
2024-10-09,4.75,5,4.06,8,4.83,5.02688,5.26405,0.07
2024-10-10,4.75,5,4.09,8,4.82,5.00981,5.25831,0.11
2024-10-11,4.75,5,4.08,8,4.81,4.99274,5.25247,0.13
2024-10-12,4.75,5,4.08,8,4.81,4.99274,5.25247,0.13
2024-10-13,4.75,5,4.08,8,4.81,4.99274,5.25247,0.13
2024-10-14,4.75,5,4.08,8,4.81,4.99274,5.25247,0.13
2024-10-15,4.75,5,4.03,8,4.86,4.92341,5.22846,0.08
2024-10-16,4.75,5,4.02,8,4.86,4.90768,5.22295,0.09
2024-10-17,4.75,5,4.09,8,4.85,4.89028,5.21755,0.13
2024-10-18,4.75,5,4.08,8,4.84,4.87255,5.21205,0.13
2024-10-19,4.75,5,4.08,8,4.84,4.87255,5.21205,0.13
2024-10-20,4.75,5,4.08,8,4.84,4.87255,5.21205,0.13
2024-10-21,4.75,5,4.19,8,4.82,4.85713,5.19527,0.17
2024-10-22,4.75,5,4.2,8,4.83,4.85682,5.18942,0.17
2024-10-23,4.75,5,4.24,8,4.83,4.85682,5.18368,0.17
2024-10-24,4.75,5,4.21,8,4.83,4.85682,5.17782,0.14
2024-10-25,4.75,5,4.25,8,4.83,4.85648,5.17199,0.14
2024-10-26,4.75,5,4.25,8,4.83,4.85648,5.17199,0.14
2024-10-27,4.75,5,4.25,8,4.83,4.85648,5.17199,0.14
2024-10-28,4.75,5,4.28,8,4.82,4.85579,5.15465,0.16
2024-10-29,4.75,5,4.28,8,4.82,4.85515,5.14891,0.17
2024-10-30,4.75,5,4.29,8,4.81,4.85448,5.14261,0.14
2024-10-31,4.75,5,4.28,8,4.9,4.84946,5.13653,0.12
2024-11-01,4.75,5,4.37,8,4.86,4.84444,5.13149,0.16
2024-11-02,4.75,5,4.37,8,4.86,4.84444,5.13149,0.16
2024-11-03,4.75,5,4.37,8,4.86,4.84444,5.13149,0.16
2024-11-04,4.75,5,4.31,8,4.82,4.84375,5.11527,0.14
2024-11-05,4.75,5,4.26,8,4.82,4.84343,5.10953,0.07
2024-11-06,4.75,5,4.42,8,4.81,4.8431,5.10379,0.15
2024-11-07,4.75,5,4.31,8,4.82,4.84243,5.09783,0.1
2024-11-08,4.5,4.75,4.3,7.75,4.6,4.84176,5.092,0.04
2024-11-09,4.5,4.75,4.3,7.75,4.6,4.84176,5.092,0.04
2024-11-10,4.5,4.75,4.3,7.75,4.6,4.84176,5.092,0.04
2024-11-11,4.5,4.75,4.3,7.75,4.6,4.84176,5.092,0.04
2024-11-12,4.5,4.75,4.43,7.75,4.6,4.81264,5.05867,0.09
2024-11-13,4.5,4.75,4.44,7.75,4.59,4.80563,5.05045,0.17
2024-11-14,4.5,4.75,4.43,7.75,4.58,4.79827,5.0419,0.09
2024-11-15,4.5,4.75,4.43,7.75,4.57,4.7889,5.0336,0.12
2024-11-16,4.5,4.75,4.43,7.75,4.57,4.7889,5.0336,0.12
2024-11-17,4.5,4.75,4.43,7.75,4.57,4.7889,5.0336,0.12
2024-11-18,4.5,4.75,4.42,7.75,4.57,4.76078,5.00828,0.13
2024-11-19,4.5,4.75,4.39,7.75,4.57,4.75176,4.99984,0.12
2024-11-20,4.5,4.75,4.41,7.75,4.56,4.74273,4.99152,0.1
2024-11-21,4.5,4.75,4.43,7.75,4.57,4.73403,4.98308,0.09
2024-11-22,4.5,4.75,4.41,7.75,4.57,4.72533,4.97455,0.04
2024-11-23,4.5,4.75,4.41,7.75,4.57,4.72533,4.97455,0.04
2024-11-24,4.5,4.75,4.41,7.75,4.57,4.72533,4.97455,0.04
2024-11-25,4.5,4.75,4.27,7.75,4.58,4.69922,4.94878,0.06
2024-11-26,4.5,4.75,4.3,7.75,4.58,4.69087,4.94012,0.09
2024-11-27,4.5,4.75,4.25,7.75,4.57,4.68251,4.93146,0.06
2024-11-28,4.5,4.75,4.25,7.75,4.57,4.68251,4.93146,0.06
2024-11-29,4.5,4.75,4.18,7.75,4.59,4.66576,4.9145,0.05
2024-11-30,4.5,4.75,4.18,7.75,4.59,4.66576,4.9145,0.05
2024-12-01,4.5,4.75,4.18,7.75,4.59,4.66576,4.9145,0.05
2024-12-02,4.5,4.75,4.19,7.75,4.64,4.63898,4.88988,0.02
2024-12-03,4.5,4.75,4.23,7.75,4.64,4.63164,4.88201,0.06
2024-12-04,4.5,4.75,4.19,7.75,4.59,4.62428,4.87402,0.06
2024-12-05,4.5,4.75,4.17,7.75,4.59,4.61658,4.86548,0.02
2024-12-06,4.5,4.75,4.15,7.75,4.6,4.60889,4.85706,0.05
2024-12-07,4.5,4.75,4.15,7.75,4.6,4.60889,4.85706,0.05
2024-12-08,4.5,4.75,4.15,7.75,4.6,4.60889,4.85706,0.05
2024-12-09,4.5,4.75,4.2,7.75,4.63,4.5945,4.83209,0.07
2024-12-10,4.5,4.75,4.22,7.75,4.64,4.59555,4.82422,0.07
2024-12-11,4.5,4.75,4.26,7.75,4.62,4.5969,4.81657,0.11
2024-12-12,4.5,4.75,4.32,7.75,4.62,4.59757,4.80859,0.14
2024-12-13,4.5,4.75,4.4,7.75,4.6,4.59824,4.80062,0.15
2024-12-14,4.5,4.75,4.4,7.75,4.6,4.59824,4.80062,0.15
2024-12-15,4.5,4.75,4.4,7.75,4.6,4.59824,4.80062,0.15
2024-12-16,4.5,4.75,4.39,7.75,4.65,4.60023,4.77543,0.14
2024-12-17,4.5,4.75,4.4,7.75,4.62,4.60293,4.76722,0.15
2024-12-18,4.5,4.75,4.5,7.75,4.57,4.6046,4.75924,0.15
2024-12-19,4.25,4.5,4.57,7.5,4.3,4.6046,4.75643,0.25
2024-12-20,4.25,4.5,4.52,7.5,4.3,4.59556,4.75049,0.22
2024-12-21,4.25,4.5,4.52,7.5,4.3,4.59556,4.75049,0.22
2024-12-22,4.25,4.5,4.52,7.5,4.3,4.59556,4.75049,0.22
2024-12-23,4.25,4.5,4.59,7.5,4.31,4.56879,4.7326,0.29
2024-12-24,4.25,4.5,4.59,7.5,4.4,4.56011,4.72665,0.3
2024-12-25,4.25,4.5,4.59,7.5,4.4,4.56011,4.72665,0.3
2024-12-26,4.25,4.5,4.58,7.5,4.53,4.54838,4.71686,0.28
2024-12-27,4.25,4.5,4.62,7.5,4.46,4.54671,4.71339,0.31
2024-12-28,4.25,4.5,4.62,7.5,4.46,4.54671,4.71339,0.31
2024-12-29,4.25,4.5,4.62,7.5,4.46,4.54671,4.71339,0.31
2024-12-30,4.25,4.5,4.55,7.5,4.37,4.535,4.69922,0.31
2024-12-31,4.25,4.5,4.58,7.5,4.49,4.52766,4.69157,0.33
2025-01-01,4.25,4.5,4.58,7.5,4.49,4.52766,4.69157,0.33
2025-01-02,4.25,4.5,4.57,7.5,4.4,4.51928,4.68269,0.32
2025-01-03,4.25,4.5,4.6,7.5,4.31,4.51125,4.67787,0.32
2025-01-04,4.25,4.5,4.6,7.5,4.31,4.51125,4.67787,0.32
2025-01-05,4.25,4.5,4.6,7.5,4.31,4.51125,4.67787,0.32
2025-01-06,4.25,4.5,4.62,7.5,4.27,4.4828,4.66032,0.34
2025-01-07,4.25,4.5,4.67,7.5,4.27,4.47178,4.65392,0.37
2025-01-08,4.25,4.5,4.67,7.5,4.29,4.46074,4.64762,0.39
2025-01-09,4.25,4.5,4.68,7.5,4.3,4.44937,4.64167,0.41
2025-01-10,4.25,4.5,4.77,7.5,4.3,4.43799,4.63596,0.37
2025-01-11,4.25,4.5,4.77,7.5,4.3,4.43799,4.63596,0.37
2025-01-12,4.25,4.5,4.77,7.5,4.3,4.43799,4.63596,0.37
2025-01-13,4.25,4.5,4.79,7.5,4.29,4.40654,4.61877,0.39
2025-01-14,4.25,4.5,4.78,7.5,4.28,4.39619,4.61236,0.41
2025-01-15,4.25,4.5,4.66,7.5,4.28,4.38548,4.60584,0.39
2025-01-16,4.25,4.5,4.61,7.5,4.29,4.3731,4.59944,0.38
2025-01-17,4.25,4.5,4.61,7.5,4.29,4.36207,4.59327,0.34
2025-01-18,4.25,4.5,4.61,7.5,4.29,4.36207,4.59327,0.34
2025-01-19,4.25,4.5,4.61,7.5,4.29,4.36207,4.59327,0.34
2025-01-20,4.25,4.5,4.61,7.5,4.29,4.36207,4.59327,0.34
2025-01-21,4.25,4.5,4.57,7.5,4.29,4.35165,4.56886,0.28
2025-01-22,4.25,4.5,4.6,7.5,4.3,4.35131,4.56279,0.31
2025-01-23,4.25,4.5,4.65,7.5,4.35,4.35098,4.55684,0.36
2025-01-24,4.25,4.5,4.63,7.5,4.34,4.34932,4.55146,0.36
2025-01-25,4.25,4.5,4.63,7.5,4.34,4.34932,4.55146,0.36
2025-01-26,4.25,4.5,4.63,7.5,4.34,4.34932,4.55146,0.36
2025-01-27,4.25,4.5,4.53,7.5,4.34,4.33693,4.53505,0.36
2025-01-28,4.25,4.5,4.55,7.5,4.35,4.33293,4.52965,0.36
2025-01-29,4.25,4.5,4.55,7.5,4.35,4.32926,4.52448,0.34
2025-01-30,4.25,4.5,4.52,7.5,4.36,4.32859,4.5183,0.34
2025-01-31,4.25,4.5,4.58,7.5,4.38,4.32426,4.5127,0.36
2025-02-01,4.25,4.5,4.58,7.5,4.38,4.32426,4.5127,0.36
2025-02-02,4.25,4.5,4.58,7.5,4.38,4.32426,4.5127,0.36
2025-02-03,4.25,4.5,4.54,7.5,4.35,4.32223,4.49696,0.28
2025-02-04,4.25,4.5,4.52,7.5,4.33,4.32359,4.49168,0.31
2025-02-05,4.25,4.5,4.43,7.5,4.33,4.32425,4.48629,0.26
2025-02-06,4.25,4.5,4.45,7.5,4.36,4.32626,4.48079,0.24
2025-02-07,4.25,4.5,4.49,7.5,4.35,4.32927,4.47811,0.2
2025-02-08,4.25,4.5,4.49,7.5,4.35,4.32927,4.47811,0.2
2025-02-09,4.25,4.5,4.49,7.5,4.35,4.32927,4.47811,0.2
2025-02-10,4.25,4.5,4.51,7.5,4.35,4.33461,4.46969,0.23
2025-02-11,4.25,4.5,4.54,7.5,4.34,4.3363,4.46688,0.25
2025-02-12,4.25,4.5,4.62,7.5,4.32,4.33763,4.46407,0.26
2025-02-13,4.25,4.5,4.52,7.5,4.33,4.33864,4.46115,0.21
2025-02-14,4.25,4.5,4.47,7.5,4.33,4.34031,4.45846,0.21
2025-02-15,4.25,4.5,4.47,7.5,4.33,4.34031,4.45846,0.21
2025-02-16,4.25,4.5,4.47,7.5,4.33,4.34031,4.45846,0.21
2025-02-17,4.25,4.5,4.47,7.5,4.33,4.34031,4.45846,0.21
2025-02-18,4.25,4.5,4.55,7.5,4.37,4.34598,4.44765,0.26
2025-02-19,4.25,4.5,4.53,7.5,4.35,4.34867,4.44552,0.25
2025-02-20,4.25,4.5,4.5,7.5,4.33,4.35068,4.44305,0.22
2025-02-21,4.25,4.5,4.42,7.5,4.34,4.35201,4.44036,0.23
2025-02-22,4.25,4.5,4.42,7.5,4.34,4.35201,4.44036,0.23
2025-02-23,4.25,4.5,4.42,7.5,4.34,4.35201,4.44036,0.23
2025-02-24,4.25,4.5,4.4,7.5,4.34,4.353,4.43249,0.27
2025-02-25,4.25,4.5,4.3,7.5,4.33,4.35302,4.42979,0.23
2025-02-26,4.25,4.5,4.25,7.5,4.33,4.35268,4.4271,0.2
2025-02-27,4.25,4.5,4.29,7.5,4.36,4.35235,4.42441,0.22
2025-02-28,4.25,4.5,4.24,7.5,4.39,4.35268,4.42184,0.25
2025-03-01,4.25,4.5,4.24,7.5,4.39,4.35268,4.42184,0.25
2025-03-02,4.25,4.5,4.24,7.5,4.39,4.35268,4.42184,0.25
2025-03-03,4.25,4.5,4.16,7.5,4.33,4.35534,4.41453,0.2
2025-03-04,4.25,4.5,4.22,7.5,4.33,4.35369,4.41104,0.26
2025-03-05,4.25,4.5,4.28,7.5,4.34,4.35201,4.40812,0.29
2025-03-06,4.25,4.5,4.29,7.5,4.35,4.35168,4.40531,0.33
2025-03-07,4.25,4.5,4.32,7.5,4.34,4.35235,4.40252,0.33
2025-03-08,4.25,4.5,4.32,7.5,4.34,4.35235,4.40252,0.33
2025-03-09,4.25,4.5,4.32,7.5,4.34,4.35235,4.40252,0.33
2025-03-10,4.25,4.5,4.22,7.5,4.33,4.35166,4.39341,0.33
2025-03-11,4.25,4.5,4.28,7.5,4.32,4.35101,4.38993,0.34
2025-03-12,4.25,4.5,4.32,7.5,4.31,4.35001,4.38656,0.31
2025-03-13,4.25,4.5,4.27,7.5,4.3,4.34867,4.38308,0.33
2025-03-14,4.25,4.5,4.31,7.5,4.3,4.34733,4.37972,0.29
2025-03-15,4.25,4.5,4.31,7.5,4.3,4.34733,4.37972,0.29
2025-03-16,4.25,4.5,4.31,7.5,4.3,4.34733,4.37972,0.29
2025-03-17,4.25,4.5,4.31,7.5,4.32,4.34466,4.36904,0.25
2025-03-18,4.25,4.5,4.29,7.5,4.31,4.34436,4.36567,0.25
2025-03-19,4.25,4.5,4.25,7.5,4.29,4.34371,4.36275,0.26
2025-03-20,4.25,4.5,4.24,7.5,4.29,4.34237,4.36264,0.29
2025-03-21,4.25,4.5,4.25,7.5,4.3,4.33969,4.36254,0.31
2025-03-22,4.25,4.5,4.25,7.5,4.3,4.33969,4.36254,0.31
2025-03-23,4.25,4.5,4.25,7.5,4.3,4.33969,4.36254,0.31
2025-03-24,4.25,4.5,4.34,7.5,4.31,4.33566,4.36242,0.3
2025-03-25,4.25,4.5,4.31,7.5,4.33,4.33467,4.36141,0.35
2025-03-26,4.25,4.5,4.35,7.5,4.35,4.33434,4.36062,0.37
2025-03-27,4.25,4.5,4.38,7.5,4.36,4.33467,4.3586,0.41
2025-03-28,4.25,4.5,4.27,7.5,4.34,4.33568,4.35749,0.38
2025-03-29,4.25,4.5,4.27,7.5,4.34,4.33568,4.35749,0.38
2025-03-30,4.25,4.5,4.27,7.5,4.34,4.33568,4.35749,0.38
2025-03-31,4.25,4.5,4.23,7.5,4.41,4.33365,4.35445,0.34
2025-04-01,4.25,4.5,4.17,7.5,4.39,4.33434,4.35356,0.3
2025-04-02,4.25,4.5,4.2,7.5,4.37,4.33434,4.35243,0.29
2025-04-03,4.25,4.5,4.06,7.5,4.39,4.33568,4.3521,0.35
2025-04-04,4.25,4.5,4.01,7.5,4.35,4.33769,4.35301,0.33
2025-04-05,4.25,4.5,4.01,7.5,4.35,4.33769,4.35301,0.33
2025-04-06,4.25,4.5,4.01,7.5,4.35,4.33769,4.35301,0.33
2025-04-07,4.25,4.5,4.15,7.5,4.33,4.33834,4.35479,0.42
2025-04-08,4.25,4.5,4.26,7.5,4.4,4.33802,4.35547,0.55
2025-04-09,4.25,4.5,4.34,7.5,4.42,4.34003,4.3567,0.43
2025-04-10,4.25,4.5,4.4,7.5,4.37,4.34304,4.35805,0.56
2025-04-11,4.25,4.5,4.48,7.5,4.33,4.34471,4.35885,0.52
2025-04-12,4.25,4.5,4.48,7.5,4.33,4.34471,4.35885,0.52
2025-04-13,4.25,4.5,4.48,7.5,4.33,4.34471,4.35885,0.52
2025-04-14,4.25,4.5,4.38,7.5,4.33,4.34737,4.35996,0.54
2025-04-15,4.25,4.5,4.35,7.5,4.36,4.34839,4.36052,0.51
2025-04-16,4.25,4.5,4.29,7.5,4.31,4.3504,4.36142,0.52
2025-04-17,4.25,4.5,4.34,7.5,4.32,4.35006,4.36164,0.53
2025-04-18,4.25,4.5,4.34,7.5,4.32,4.35006,4.36164,0.53
2025-04-19,4.25,4.5,4.34,7.5,4.32,4.35006,4.36164,0.53
2025-04-20,4.25,4.5,4.34,7.5,4.32,4.35006,4.36164,0.53
2025-04-21,4.25,4.5,4.42,7.5,4.32,4.353,4.36299,0.67
2025-04-22,4.25,4.5,4.41,7.5,4.3,4.35369,4.36333,0.65
2025-04-23,4.25,4.5,4.4,7.5,4.28,4.35369,4.36333,0.59
2025-04-24,4.25,4.5,4.32,7.5,4.29,4.35269,4.36254,0.55
2025-04-25,4.25,4.5,4.29,7.5,4.33,4.35135,4.36199,0.55
2025-04-26,4.25,4.5,4.29,7.5,4.33,4.35135,4.36199,0.55
2025-04-27,4.25,4.5,4.29,7.5,4.33,4.35135,4.36199,0.55
2025-04-28,4.25,4.5,4.23,7.5,4.36,4.34932,4.36164,0.56
2025-04-29,4.25,4.5,4.19,7.5,4.36,4.35001,4.36175,0.54
2025-04-30,4.25,4.5,4.17,7.5,4.41,4.35068,4.36187,0.57
2025-05-01,4.25,4.5,4.25,7.5,4.39,4.35068,4.36243,0.55
2025-05-02,4.25,4.5,4.33,7.5,4.36,4.35068,4.36255,0.5
2025-05-03,4.25,4.5,4.33,7.5,4.36,4.35068,4.36255,0.5
2025-05-04,4.25,4.5,4.33,7.5,4.36,4.35068,4.36255,0.5
2025-05-05,4.25,4.5,4.36,7.5,4.33,4.34966,4.3622,0.53
2025-05-06,4.25,4.5,4.3,7.5,4.32,4.34901,4.3622,0.52
2025-05-07,4.25,4.5,4.26,7.5,4.3,4.348,4.36209,0.48
2025-05-08,4.25,4.5,4.37,7.5,4.29,4.347,4.36142,0.47
2025-05-09,4.25,4.5,4.37,7.5,4.28,4.34332,4.36075,0.49
2025-05-10,4.25,4.5,4.37,7.5,4.28,4.34332,4.36075,0.49
2025-05-11,4.25,4.5,4.37,7.5,4.28,4.34332,4.36075,0.49
2025-05-12,4.25,4.5,4.45,7.5,4.28,4.33394,4.35839,0.47
2025-05-13,4.25,4.5,4.49,7.5,4.3,4.33228,4.35771,0.47
2025-05-14,4.25,4.5,4.53,7.5,4.29,4.33128,4.35749,0.48
2025-05-15,4.25,4.5,4.45,7.5,4.31,4.32994,4.35704,0.49
2025-05-16,4.25,4.5,4.43,7.5,4.3,4.32827,4.35683,0.45
2025-05-17,4.25,4.5,4.43,7.5,4.3,4.32827,4.35683,0.45
2025-05-18,4.25,4.5,4.43,7.5,4.3,4.32827,4.35683,0.45
2025-05-19,4.25,4.5,4.46,7.5,4.29,4.32663,4.35582,0.49
2025-05-20,4.25,4.5,4.48,7.5,4.27,4.32564,4.35492,0.51
2025-05-21,4.25,4.5,4.58,7.5,4.26,4.32397,4.35402,0.58
2025-05-22,4.25,4.5,4.54,7.5,4.26,4.32197,4.35324,0.54
2025-05-23,4.25,4.5,4.51,7.5,4.26,4.32063,4.35235,0.51
2025-05-24,4.25,4.5,4.51,7.5,4.26,4.32063,4.35235,0.51
2025-05-25,4.25,4.5,4.51,7.5,4.26,4.32063,4.35235,0.51
2025-05-26,4.25,4.5,4.51,7.5,4.26,4.32063,4.35235,0.51
2025-05-27,4.25,4.5,4.43,7.5,4.31,4.31422,4.34884,0.51
2025-05-28,4.25,4.5,4.47,7.5,4.33,4.31355,4.34862,0.51
2025-05-29,4.25,4.5,4.43,7.5,4.33,4.31255,4.34828,0.51
2025-05-30,4.25,4.5,4.41,7.5,4.35,4.31155,4.34762,0.52
2025-05-31,4.25,4.5,4.41,7.5,4.35,4.31155,4.34762,0.52
2025-06-01,4.25,4.5,4.41,7.5,4.35,4.31155,4.34762,0.52
2025-06-02,4.25,4.5,4.46,7.5,4.35,4.30785,4.34693,0.52
2025-06-03,4.25,4.5,4.46,7.5,4.32,4.30753,4.34716,0.5
2025-06-04,4.25,4.5,4.37,7.5,4.28,4.3062,4.34693,0.5
2025-06-05,4.25,4.5,4.4,7.5,4.29,4.30452,4.34615,0.48
2025-06-06,4.25,4.5,4.51,7.5,4.29,4.30352,4.3456,0.47
2025-06-07,4.25,4.5,4.51,7.5,4.29,4.30352,4.3456,0.47
2025-06-08,4.25,4.5,4.51,7.5,4.29,4.30352,4.3456,0.47
2025-06-09,4.25,4.5,4.49,7.5,4.29,4.3035,4.34401,0.48
2025-06-10,4.25,4.5,4.47,7.5,4.28,4.30385,4.34368,0.46
2025-06-11,4.25,4.5,4.41,7.5,4.28,4.30385,4.34334,0.47
2025-06-12,4.25,4.5,4.36,7.5,4.28,4.30385,4.34311,0.46
2025-06-13,4.25,4.5,4.41,7.5,4.28,4.30319,4.3429,0.45
2025-06-14,4.25,4.5,4.41,7.5,4.28,4.30319,4.3429,0.45
2025-06-15,4.25,4.5,4.41,7.5,4.28,4.30319,4.3429,0.45
2025-06-16,4.25,4.5,4.46,7.5,4.32,4.30116,4.34199,0.49
2025-06-17,4.25,4.5,4.39,7.5,4.31,4.30185,4.3421,0.45
2025-06-18,4.25,4.5,4.38,7.5,4.28,4.30218,4.34233,0.44
2025-06-19,4.25,4.5,4.38,7.5,4.28,4.30218,4.34233,0.44
2025-06-20,4.25,4.5,4.38,7.5,4.29,4.30217,4.342,0.48
2025-06-21,4.25,4.5,4.38,7.5,4.29,4.30217,4.342,0.48
2025-06-22,4.25,4.5,4.38,7.5,4.29,4.30217,4.342,0.48
2025-06-23,4.25,4.5,4.34,7.5,4.29,4.30517,4.34154,0.5
2025-06-24,4.25,4.5,4.3,7.5,4.3,4.30621,4.34109,0.55
2025-06-25,4.25,4.5,4.29,7.5,4.36,4.30757,4.34053,0.55
2025-06-26,4.25,4.5,4.26,7.5,4.4,4.31091,4.34053,0.56
2025-06-27,4.25,4.5,4.29,7.5,4.39,4.31392,4.34121,0.56
2025-06-28,4.25,4.5,4.29,7.5,4.39,4.31392,4.34121,0.56
2025-06-29,4.25,4.5,4.29,7.5,4.39,4.31392,4.34121,0.56
2025-06-30,4.25,4.5,4.24,7.5,4.45,4.31926,4.3421,0.52
2025-07-01,4.25,4.5,4.26,7.5,4.44,4.32262,4.34277,0.48
2025-07-02,4.25,4.5,4.3,7.5,4.4,4.32563,4.34356,0.52
2025-07-03,4.25,4.5,4.35,7.5,4.35,4.3273,4.34367,0.47
2025-07-04,4.25,4.5,4.35,7.5,4.35,4.3273,4.34367,0.47
2025-07-05,4.25,4.5,4.35,7.5,4.35,4.3273,4.34367,0.47
2025-07-06,4.25,4.5,4.35,7.5,4.35,4.3273,4.34367,0.47
2025-07-07,4.25,4.5,4.4,7.5,4.33,4.33459,4.34388,0.5
2025-07-08,4.25,4.5,4.42,7.5,4.34,4.33594,4.34309,0.52
2025-07-09,4.25,4.5,4.34,7.5,4.32,4.33762,4.34219,0.48
2025-07-10,4.25,4.5,4.35,7.5,4.31,4.33862,4.34163,0.49
2025-07-11,4.25,4.5,4.43,7.5,4.31,4.33962,4.34142,0.53
2025-07-12,4.25,4.5,4.43,7.5,4.31,4.33962,4.34142,0.53
2025-07-13,4.25,4.5,4.43,7.5,4.31,4.33962,4.34142,0.53
2025-07-14,4.25,4.5,4.43,7.5,4.33,4.34262,4.34073,0.53
2025-07-15,4.25,4.5,4.5,7.5,4.37,4.34431,4.3404,0.55
2025-07-16,4.25,4.5,4.46,7.5,4.34,4.34732,4.34107,0.58
2025-07-17,4.25,4.5,4.47,7.5,4.34,4.34798,4.34131,0.56
2025-07-18,4.25,4.5,4.44,7.5,4.3,4.34899,4.34155,0.56
2025-07-19,4.25,4.5,4.44,7.5,4.3,4.34899,4.34155,0.56
2025-07-20,4.25,4.5,4.44,7.5,4.3,4.34899,4.34155,0.56
2025-07-21,4.25,4.5,4.38,7.5,4.28,4.35066,4.34086,0.53
2025-07-22,4.25,4.5,4.35,7.5,4.28,4.35034,4.34064,0.52
2025-07-23,4.25,4.5,4.4,7.5,4.28,4.35001,4.34064,0.52
2025-07-24,4.25,4.5,4.43,7.5,4.3,4.34967,4.34052,0.52
2025-07-25,4.25,4.5,4.4,7.5,4.36,4.34967,4.3402,0.49
2025-07-26,4.25,4.5,4.4,7.5,4.36,4.34967,4.3402,0.49
2025-07-27,4.25,4.5,4.4,7.5,4.36,4.34967,4.3402,0.49
2025-07-28,4.25,4.5,4.42,7.5,4.36,4.34732,4.34086,0.51
2025-07-29,4.25,4.5,4.34,7.5,4.36,4.34633,4.34086,0.48
2025-07-30,4.25,4.5,4.38,7.5,4.32,4.34533,4.3403,0.44
2025-07-31,4.25,4.5,4.37,7.5,4.39,4.34098,4.33951,0.43
2025-08-01,4.25,4.5,4.23,7.5,4.34,4.33931,4.33986,0.54
2025-08-02,4.25,4.5,4.23,7.5,4.34,4.33931,4.33986,0.54
2025-08-03,4.25,4.5,4.23,7.5,4.34,4.33931,4.33986,0.54
2025-08-04,4.25,4.5,4.22,7.5,4.33,4.33666,4.33951,0.53
2025-08-05,4.25,4.5,4.22,7.5,4.34,4.33601,4.33963,0.5
2025-08-06,4.25,4.5,4.22,7.5,4.34,4.33568,4.34008,0.53
2025-08-07,4.25,4.5,4.23,7.5,4.35,4.33601,4.34064,0.51
2025-08-08,4.25,4.5,4.27,7.5,4.35,4.33635,4.34143,0.51
2025-08-09,4.25,4.5,4.27,7.5,4.35,4.33635,4.34143,0.51
2025-08-10,4.25,4.5,4.27,7.5,4.35,4.33635,4.34143,0.51
2025-08-11,4.25,4.5,4.27,7.5,4.34,4.34001,4.34378,0.51
2025-08-12,4.25,4.5,4.29,7.5,4.36,4.34103,4.34423,0.57
2025-08-13,4.25,4.5,4.24,7.5,4.33,4.3427,4.34502,0.57
2025-08-14,4.25,4.5,4.29,7.5,4.34,4.3427,4.34524,0.55
2025-08-15,4.25,4.5,4.33,7.5,4.36,4.3417,4.3457,0.58
2025-08-16,4.25,4.5,4.33,7.5,4.36,4.3417,4.3457,0.58
2025-08-17,4.25,4.5,4.33,7.5,4.36,4.3417,4.3457,0.58
2025-08-18,4.25,4.5,4.34,7.5,4.34,4.34503,4.34782,0.57
2025-08-19,4.25,4.5,4.3,7.5,4.33,4.34638,4.34861,0.55
2025-08-20,4.25,4.5,4.29,7.5,4.31,4.34738,4.3494,0.55
2025-08-21,4.25,4.5,4.33,7.5,4.32,4.34839,4.34996,0.54
2025-08-22,4.25,4.5,4.26,7.5,4.36,4.34973,4.35065,0.58
2025-08-23,4.25,4.5,4.26,7.5,4.36,4.34973,4.35065,0.58
2025-08-24,4.25,4.5,4.26,7.5,4.36,4.34973,4.35065,0.58
2025-08-25,4.25,4.5,4.28,7.5,4.37,4.35439,4.35402,0.55
2025-08-26,4.25,4.5,4.26,7.5,4.38,4.35474,4.35469,0.65
2025-08-27,4.25,4.5,4.24,7.5,4.36,4.35541,4.35525,0.65
2025-08-28,4.25,4.5,4.22,7.5,4.34,4.35541,4.35559,0.6
2025-08-29,4.25,4.5,4.23,7.5,4.34,4.35474,4.35549,0.64
2025-08-30,4.25,4.5,4.23,7.5,4.34,4.35474,4.35549,0.64
2025-08-31,4.25,4.5,4.23,7.5,4.34,4.35474,4.35549,0.64
2025-09-01,4.25,4.5,4.23,7.5,4.34,4.35474,4.35549,0.64
2025-09-02,4.25,4.5,4.28,7.5,4.39,4.35369,4.35535,0.62
2025-09-03,4.25,4.5,4.22,7.5,4.39,4.35536,4.35658,0.61
2025-09-04,4.25,4.5,4.17,7.5,4.41,4.35737,4.35771,0.58
2025-09-05,4.25,4.5,4.1,7.5,4.42,4.35971,4.35906,0.59
2025-09-06,4.25,4.5,4.1,7.5,4.42,4.35971,4.35906,0.59
2025-09-07,4.25,4.5,4.1,7.5,4.42,4.35971,4.35906,0.59
2025-09-08,4.25,4.5,4.05,7.5,4.4,4.36705,4.36343,0.56
2025-09-09,4.25,4.5,4.08,7.5,4.4,4.36874,4.36478,0.54
2025-09-10,4.25,4.5,4.04,7.5,4.39,4.37041,4.36613,0.5
2025-09-11,4.25,4.5,4.01,7.5,4.41,4.37208,4.36736,0.49
2025-09-12,4.25,4.5,4.06,7.5,4.42,4.37376,4.36883,0.5
2025-09-13,4.25,4.5,4.06,7.5,4.42,4.37376,4.36883,0.5
2025-09-14,4.25,4.5,4.06,7.5,4.42,4.37376,4.36883,0.5
2025-09-15,4.25,4.5,4.05,7.5,4.51,4.38143,4.37309,0.51
2025-09-16,4.25,4.5,4.04,7.5,4.39,4.38647,4.37534,0.53
2025-09-17,4.25,4.5,4.06,7.25,4.38,4.38747,4.37658,0.54
2025-09-18,4,4.25,4.11,7.25,4.14,4.38881,4.3777,0.54
2025-09-19,4,4.25,4.14,7.25,4.14,4.38245,4.37603,0.57
2025-09-20,4,4.25,4.14,7.25,4.14,4.38245,4.37603,0.57
2025-09-21,4,4.25,4.14,7.25,4.14,4.38245,4.37603,0.57
2025-09-22,4,4.25,4.15,7.25,4.14,4.36337,4.37096,0.54
2025-09-23,4,4.25,4.12,7.25,4.12,4.35603,4.36917,0.59
2025-09-24,4,4.25,4.16,7.25,4.13,4.348,4.36647,0.59
2025-09-25,4,4.25,4.18,7.25,4.18,4.33997,4.36344,0.54
2025-09-26,4,4.25,4.2,7.25,4.16,4.33328,4.36109,0.57
2025-09-27,4,4.25,4.2,7.25,4.16,4.33328,4.36109,0.57
2025-09-28,4,4.25,4.2,7.25,4.16,4.33328,4.36109,0.57
2025-09-29,4,4.25,4.15,7.25,4.13,4.31456,4.35266,0.52
2025-09-30,4,4.25,4.16,7.25,4.24,4.30757,4.34918,0.56
2025-10-01,4,4.25,4.12,7.25,4.2,4.30424,4.34738,0.57
2025-10-02,4,4.25,4.1,7.25,4.2,4.29956,4.34571,0.55
2025-10-03,4,4.25,4.13,7.25,4.18,4.2932,4.34404,0.55
2025-10-04,4,4.25,4.13,7.25,4.18,4.2932,4.34404,0.55
2025-10-05,4,4.25,4.13,7.25,4.18,4.2932,4.34404,0.55
2025-10-06,4,4.25,4.18,7.25,4.15,4.27044,4.33853,0.58
2025-10-07,4,4.25,4.14,7.25,4.14,4.26143,4.33639,0.57
2025-10-08,4,4.25,4.13,7.25,4.12,4.25207,4.33437,0.55
2025-10-09,4,4.25,4.14,7.25,4.13,4.2427,4.33224,0.54
2025-10-10,4,4.25,4.05,7.25,4.15,4.23367,4.33023,0.53
2025-10-11,4,4.25,4.05,7.25,4.15,4.23367,4.33023,0.53
2025-10-12,4,4.25,4.05,7.25,4.15,4.23367,4.33023,0.53
2025-10-13,4,4.25,4.05,7.25,4.15,4.23367,4.33023,0.53
2025-10-14,4,4.25,4.03,7.25,4.19,4.19884,4.32212,0.55
2025-10-15,4,4.25,4.05,7.25,4.29,4.19115,4.32043,0.55
2025-10-16,4,4.25,3.99,7.25,4.3,4.18379,4.31987,0.58
2025-10-17,4,4.25,4.02,7.25,4.18,4.18078,4.31988,0.56
2025-10-18,4,4.25,4.02,7.25,4.18,4.18078,4.31988,0.56
2025-10-19,4,4.25,4.02,7.25,4.18,4.18078,4.31988,0.56
2025-10-20,4,4.25,4,7.25,4.16,4.17675,4.31605,0.54
2025-10-21,4,4.25,3.98,7.25,4.23,4.17744,4.31471,0.53
2025-10-22,4,4.25,3.97,7.25,4.21,4.18045,4.31414,0.52
2025-10-23,4,4.25,4.01,7.25,4.24,4.18279,4.31313,0.53
2025-10-24,4,4.25,4.02,7.25,4.24,4.1868,4.3118,0.54
2025-10-25,4,4.25,4.02,7.25,4.24,4.1868,4.3118,0.54
2025-10-26,4,4.25,4.02,7.25,4.24,4.1868,4.3118,0.54
2025-10-27,4,4.25,4.01,7.25,4.27,4.19515,4.30774,0.53
2025-10-28,4,4.25,3.99,7.25,4.31,4.19884,4.30673,0.52
2025-10-29,4,4.25,4.08,7.25,4.27,4.20386,4.30662,0.49
2025-10-30,3.75,4,4.11,7,4.04,4.20854,4.30527,0.5
2025-10-31,3.75,4,4.11,7,4.22,4.20185,4.30192,0.51
2025-11-01,3.75,4,4.11,7,4.22,4.20185,4.30192,0.51
2025-11-02,3.75,4,4.11,7,4.22,4.20185,4.30192,0.51
2025-11-03,3.75,4,4.13,7,4.13,4.20451,4.29798,0.53
2025-11-04,3.75,4,4.1,7,4,4.20285,4.29562,0.52
2025-11-05,3.75,4,4.17,7,3.91,4.19683,4.2918,0.54
2025-11-06,3.75,4,4.11,7,3.92,4.18881,4.28686,0.54
2025-11-07,3.75,4,4.11,7,3.93,4.18145,4.28204,0.56
2025-11-08,3.75,4,4.11,7,3.93,4.18145,4.28204,0.56
2025-11-09,3.75,4,4.11,7,3.93,4.18145,4.28204,0.56
2025-11-10,3.75,4,4.13,7,3.95,4.16105,4.268,0.55
2025-11-11,3.75,4,4.13,7,3.95,4.16105,4.268,0.55
2025-11-12,3.75,4,4.08,7,3.98,4.14771,4.25912,0.52
2025-11-13,3.75,4,4.11,7,4,4.14202,4.25508,0.53
2025-11-14,3.75,4,4.14,7,3.95,4.13567,4.25105,0.52
2025-11-15,3.75,4,4.14,7,3.95,4.13567,4.25105,0.52
2025-11-16,3.75,4,4.14,7,3.95,4.13567,4.25105,0.52
2025-11-17,3.75,4,4.13,7,4,4.10489,4.23746,0.53
2025-11-18,3.75,4,4.12,7,3.94,4.09888,4.23375,0.54
2025-11-19,3.75,4,4.13,7,3.91,4.09086,4.2296,0.55
2025-11-20,3.75,4,4.1,7,3.91,4.0825,4.22499,0.55
2025-11-21,3.75,4,4.06,7,3.93,4.0718,4.21995,0.55
2025-11-22,3.75,4,4.06,7,3.93,4.0718,4.21995,0.55
2025-11-23,3.75,4,4.06,7,3.93,4.0718,4.21995,0.55
2025-11-24,3.75,4,4.04,7,3.96,4.04169,4.20535,0.58
2025-11-25,3.75,4,4.01,7,4.01,4.03234,4.20063,0.58
2025-11-26,3.75,4,4,7,4.05,4.02465,4.19671,0.55
2025-11-27,3.75,4,4,7,4.05,4.02465,4.19671,0.55
2025-11-28,3.75,4,4.02,7,4.12,4.00858,4.19021,0.55
2025-11-29,3.75,4,4.02,7,4.12,4.00858,4.19021,0.55
2025-11-30,3.75,4,4.02,7,4.12,4.00858,4.19021,0.55
2025-12-01,3.75,4,4.09,7,4.12,4.00288,4.1828,0.55
2025-12-02,3.75,4,4.09,7,4.01,3.99956,4.17977,0.58
2025-12-03,3.75,4,4.06,7,3.95,3.99253,4.1755,0.57
2025-12-04,3.75,4,4.11,7,3.92,3.98651,4.17034,0.59
2025-12-05,3.75,4,4.14,7,3.93,3.98384,4.16474,0.58
2025-12-06,3.75,4,4.14,7,3.93,3.98384,4.16474,0.58
2025-12-07,3.75,4,4.14,7,3.93,3.98384,4.16474,0.58
2025-12-08,3.75,4,4.17,7,3.95,3.98483,4.14845,0.6
2025-12-09,3.75,4,4.18,7,3.93,3.98551,4.1434,0.57
2025-12-10,3.75,4,4.13,7,3.9,3.98551,4.13824,0.59
2025-12-11,3.5,3.75,4.14,6.75,3.66,3.98385,4.13251,0.62
2025-12-12,3.5,3.75,4.19,6.75,3.67,3.97416,4.124,0.67
2025-12-13,3.5,3.75,4.19,6.75,3.67,3.97416,4.124,0.67
2025-12-14,3.5,3.75,4.19,6.75,3.67,3.97416,4.124,0.67
2025-12-15,3.5,3.75,4.18,6.75,3.75,3.94338,4.09772,0.67
2025-12-16,3.5,3.75,4.15,6.75,3.69,3.93671,4.09054,0.67
2025-12-17,3.5,3.75,4.16,6.75,3.69,3.92802,4.0828,0.67
2025-12-18,3.5,3.75,4.12,6.75,3.66,3.91765,4.07775,0.66
2025-12-19,3.5,3.75,4.16,6.75,3.66,3.90829,4.07237,0.68
2025-12-20,3.5,3.75,4.16,6.75,3.66,3.90829,4.07237,0.68
2025-12-21,3.5,3.75,4.16,6.75,3.66,3.90829,4.07237,0.68
2025-12-22,3.5,3.75,4.17,6.75,3.68,3.88253,4.0562,0.73
2025-12-23,3.5,3.75,4.18,6.75,3.66,3.87419,4.05126,0.7
2025-12-24,3.5,3.75,4.15,6.75,3.66,3.86516,4.04599,0.68
2025-12-25,3.5,3.75,4.15,6.75,3.66,3.86516,4.04599,0.68
2025-12-26,3.5,3.75,4.14,6.75,3.76,3.84341,4.03455,0.68
2025-12-27,3.5,3.75,4.14,6.75,3.76,3.84341,4.03455,0.68
2025-12-28,3.5,3.75,4.14,6.75,3.76,3.84341,4.03455,0.68
2025-12-29,3.5,3.75,4.12,6.75,3.77,3.81199,4.02141,0.67
2025-12-30,3.5,3.75,4.14,6.75,3.71,3.8003,4.01614,0.69
2025-12-31,3.5,3.75,4.18,6.75,3.87,3.78659,4.01064,0.71
2026-01-01,3.5,3.75,4.18,6.75,3.87,3.78659,4.01064,0.71
2026-01-02,3.5,3.75,4.19,6.75,3.75,3.77354,4.00346,0.72
2026-01-03,3.5,3.75,4.19,6.75,3.75,3.77354,4.00346,0.72
2026-01-04,3.5,3.75,4.19,6.75,3.75,3.77354,4.00346,0.72
2026-01-05,3.5,3.75,4.17,6.75,3.7,3.75514,3.98932,0.71
2026-01-06,3.5,3.75,4.18,6.75,3.66,3.74747,3.98438,0.71
2026-01-07,3.5,3.75,4.15,6.75,3.65,3.73844,3.97922,0.68
2026-01-08,3.5,3.75,4.19,6.75,3.64,3.72841,3.97383,0.7
2026-01-09,3.5,3.75,4.18,6.75,3.64,3.71871,3.96813,0.64
2026-01-10,3.5,3.75,4.18,6.75,3.64,3.71871,3.96813,0.64
2026-01-11,3.5,3.75,4.18,6.75,3.64,3.71871,3.96813,0.64
2026-01-12,3.5,3.75,4.19,6.75,3.64,3.70834,3.95097,0.65
2026-01-13,3.5,3.75,4.18,6.75,3.65,3.70735,3.94479,0.65
2026-01-14,3.5,3.75,4.15,6.75,3.64,3.70668,3.93761,0.64
2026-01-15,3.5,3.75,4.17,6.75,3.66,3.703,3.93021,0.61
2026-01-16,3.5,3.75,4.24,6.75,3.65,3.702,3.92439,0.65
2026-01-17,3.5,3.75,4.24,6.75,3.65,3.702,3.92439,0.65
2026-01-18,3.5,3.75,4.24,6.75,3.65,3.702,3.92439,0.65
2026-01-19,3.5,3.75,4.24,6.75,3.65,3.702,3.92439,0.65
2026-01-20,3.5,3.75,4.3,6.75,3.64,3.69962,3.90025,0.7
2026-01-21,3.5,3.75,4.26,6.75,3.63,3.69895,3.89385,0.66
2026-01-22,3.5,3.75,4.26,6.75,3.64,3.69728,3.88701,0.65
2026-01-23,3.5,3.75,4.24,6.75,3.65,3.69661,3.88029,0.64
2026-01-24,3.5,3.75,4.24,6.75,3.65,3.69661,3.88029,0.64
2026-01-25,3.5,3.75,4.24,6.75,3.65,3.69661,3.88029,0.64
2026-01-26,3.5,3.75,4.22,6.75,3.66,3.69227,3.86009,0.66
2026-01-27,3.5,3.75,4.24,6.75,3.66,3.68894,3.8528,0.71
2026-01-28,3.5,3.75,4.26,6.75,3.64,3.68559,3.84596,0.7
2026-01-29,3.5,3.75,4.24,6.75,3.65,3.68125,3.84147,0.71
2026-01-30,3.5,3.75,4.26,6.75,3.68,3.67924,3.83509,0.74
2026-01-31,3.5,3.75,4.26,6.75,3.68,3.67924,3.83509,0.74
2026-02-01,3.5,3.75,4.26,6.75,3.68,3.67924,3.83509,0.74
2026-02-02,3.5,3.75,4.29,6.75,3.69,3.6642,3.81792,0.72
2026-02-03,3.5,3.75,4.28,6.75,3.69,3.66221,3.81445,0.71
2026-02-04,3.5,3.75,4.29,6.75,3.65,3.6602,3.81198,0.72
2026-02-05,3.5,3.75,4.21,6.75,3.65,3.65853,3.80895,0.74
2026-02-06,3.5,3.75,4.22,6.75,3.64,3.65819,3.80582,0.72
2026-02-07,3.5,3.75,4.22,6.75,3.64,3.65819,3.80582,0.72
2026-02-08,3.5,3.75,4.22,6.75,3.64,3.65819,3.80582,0.72
2026-02-09,3.5,3.75,4.22,6.75,3.63,3.65785,3.79583,0.74
2026-02-10,3.5,3.75,4.16,6.75,3.65,3.65753,3.79225,0.71
2026-02-11,3.5,3.75,4.18,6.75,3.65,3.65786,3.78854,0.66
2026-02-12,3.5,3.75,4.09,6.75,3.65,3.65819,3.78462,0.62
2026-02-13,3.5,3.75,4.04,6.75,3.66,3.65819,3.78126,0.64
2026-02-14,3.5,3.75,4.04,6.75,3.66,3.65819,3.78126,0.64
2026-02-15,3.5,3.75,4.04,6.75,3.66,3.65819,3.78126,0.64
2026-02-16,3.5,3.75,4.04,6.75,3.66,3.65819,3.78126,0.64
2026-02-17,3.5,3.75,4.05,6.75,3.71,3.65952,3.76779,0.62
2026-02-18,3.5,3.75,4.09,6.75,3.73,3.66154,3.76554,0.62
2026-02-19,3.5,3.75,4.08,6.75,3.67,3.66421,3.76353,0.61
2026-02-20,3.5,3.75,4.08,6.75,3.66,3.66521,3.76062,0.6
2026-02-21,3.5,3.75,4.08,6.75,3.66,3.66521,3.76062,0.6
2026-02-22,3.5,3.75,4.08,6.75,3.66,3.66521,3.76062,0.6
2026-02-23,3.5,3.75,4.03,6.75,3.66,3.66721,3.75119,0.6
2026-02-24,3.5,3.75,4.04,6.75,3.67,3.66755,3.74727,0.61
2026-02-25,3.5,3.75,4.05,6.75,3.67,3.66822,3.74301,0.6
2026-02-26,3.5,3.75,4.02,6.75,3.67,3.66856,3.73875,0.6
2026-02-27,3.5,3.75,3.97,6.75,3.68,3.66889,3.73371,0.59
2026-02-28,3.5,3.75,3.97,6.75,3.68,3.66889,3.73371,0.59
2026-03-01,3.5,3.75,3.97,6.75,3.68,3.66889,3.73371,0.59
2026-03-02,3.5,3.75,4.05,6.75,3.71,3.67122,3.7189,0.58
2026-03-03,3.5,3.75,4.06,6.75,3.7,3.67223,3.71554,0.55
2026-03-04,3.5,3.75,4.09,6.75,3.67,3.6729,3.71274,0.55
2026-03-05,3.5,3.75,4.13,6.75,3.66,3.67223,3.70993,0.56
2026-03-06,3.5,3.75,4.15,6.75,3.65,3.67123,3.70692,0.59
2026-03-07,3.5,3.75,4.15,6.75,3.65,3.67123,3.70692,0.59
2026-03-08,3.5,3.75,4.15,6.75,3.65,3.67123,3.70692,0.59
2026-03-09,3.5,3.75,4.12,6.75,3.65,3.67155,3.69727,0.56
2026-03-10,3.5,3.75,4.15,6.75,3.64,3.6719,3.69413,0.58
2026-03-11,3.5,3.75,4.21,6.75,3.64,3.6719,3.69121,0.57
2026-03-12,3.5,3.75,4.27,6.75,3.65,3.67223,3.69099,0.51
2026-03-13,3.5,3.75,4.28,6.75,3.65,3.67223,3.69077,0.55
2026-03-14,3.5,3.75,4.28,6.75,3.65,3.67223,3.69077,0.55
2026-03-15,3.5,3.75,4.28,6.75,3.65,3.67223,3.69077,0.55
2026-03-16,3.5,3.75,4.23,6.75,3.7,3.6719,3.68919,0.55
2026-03-17,3.5,3.75,4.2,6.75,3.65,3.67326,3.6893,0.52
2026-03-18,3.5,3.75,4.26,6.75,3.62,3.67294,3.68886,0.5
2026-03-19,3.5,3.75,4.25,6.75,3.62,3.6716,3.68841,0.46
2026-03-20,3.5,3.75,4.39,6.75,3.62,3.66859,3.68797,0.51
2026-03-21,3.5,3.75,4.39,6.75,3.62,3.66859,3.68797,0.51
2026-03-22,3.5,3.75,4.39,6.75,3.62,3.66859,3.68797,0.51
2026-03-23,3.5,3.75,4.34,6.75,3.62,3.6619,3.68639,0.51
2026-03-24,3.5,3.75,4.39,6.75,3.63,3.66057,3.68594,0.49
2026-03-25,3.5,3.75,4.33,6.75,3.64,3.65957,3.68561,0.49
2026-03-26,3.5,3.75,4.42,6.75,3.65,3.6589,3.68538,0.46
2026-03-27,3.5,3.75,4.44,6.75,3.63,3.65823,3.68416,0.56
2026-03-28,3.5,3.75,4.44,6.75,3.63,3.65823,3.68416,0.56
2026-03-29,3.5,3.75,4.44,6.75,3.63,3.65823,3.68416,0.56
2026-03-30,3.5,3.75,4.35,6.75,3.63,3.65387,3.67967,0.53
2026-03-31,3.5,3.75,4.3,6.75,3.68,3.65221,3.67877,0.51
2026-04-01,3.5,3.75,4.33,6.75,3.65,3.65221,3.67664,0.52
2026-04-02,3.5,3.75,4.31,6.75,3.66,3.65021,3.67418,0.52
2026-04-03,3.5,3.75,4.35,6.75,3.66,3.65021,3.67418,0.51
2026-04-04,3.5,3.75,4.35,6.75,3.66,3.65021,3.67418,0.51
2026-04-05,3.5,3.75,4.35,6.75,3.66,3.65021,3.67418,0.51
2026-04-06,3.5,3.75,4.34,6.75,3.65,3.64882,3.67069,0.5
2026-04-07,3.5,3.75,4.33,6.75,3.62,3.64883,3.67058,0.52
2026-04-08,3.5,3.75,4.29,6.75,3.59,3.64783,3.67024,0.5
2026-04-09,3.5,3.75,4.29,6.75,3.57,3.64583,3.66968,0.51
2026-04-10,3.5,3.75,4.31,6.75,3.61,3.64349,3.6689,0.5
2026-04-13,3.5,3.75,4.3,6.75,3.63,3.6398,3.66789,0.52
2026-04-14,3.5,3.75,4.26,6.75,3.66,3.63914,3.66766,0.5
2026-04-15,3.5,3.75,4.29,6.75,3.72,3.63947,3.66789,0.53
2026-04-16,3.5,3.75,4.32,6.75,3.67,3.64014,3.66856,0.54
2026-04-17,3.5,3.75,4.26,6.75,3.65,3.64081,3.6688,0.55
2026-04-20,3.5,3.75,4.26,6.75,3.63,3.64381,3.6688,0.54
2026-04-21,3.5,3.75,4.3,6.75,3.63,3.64415,3.66868,0.52
2026-04-22,3.5,3.75,4.3,6.75,3.64,3.64449,3.66868,0.51
2026-04-23,3.5,3.75,4.34,6.75,3.65,3.64516,3.66868,0.51
2026-04-24,3.5,3.75,4.31,6.75,3.66,3.64583,3.66869,0.53
2026-04-27,3.5,3.75,4.35,6.75,3.66,3.64782,3.66891,0.57
2026-04-28,3.5,3.75,4.36,6.75,3.64,3.64883,3.66891,0.52
2026-04-29,3.5,3.75,4.42,6.75,3.63,3.64917,3.66891,0.5
2026-04-30,3.5,3.75,4.4,6.75,3.66,3.64917,3.66868,0.52
2026-05-01,3.5,3.75,4.39,6.75,3.64,3.6485,3.66847,0.51
2026-05-02,3.5,3.75,4.39,6.75,3.64,3.6485,3.66847,0.51
2026-05-03,3.5,3.75,4.39,6.75,3.64,3.6485,3.66847,0.51
2026-05-04,3.5,3.75,4.45,6.75,3.63,3.64685,3.667,0.5
2026-05-05,3.5,3.75,4.43,6.75,3.62,3.64586,3.66633,0.5
2026-05-06,3.5,3.75,4.36,6.75,3.61,3.64453,3.66599,0.49
2026-05-07,3.5,3.75,4.41,6.75,3.6,3.64319,3.66555,0.49
2026-05-08,3.5,3.75,4.38,6.75,3.6,3.64252,3.66511,0.48
2026-05-09,3.5,3.75,4.38,6.75,3.6,3.64252,3.66511,0.48
2026-05-10,3.5,3.75,4.38,6.75,3.6,3.64252,3.66511,0.48
2026-05-11,3.5,3.75,4.42,6.75,3.6,3.64351,3.66386,0.47
2026-05-12,3.5,3.75,4.46,6.75,3.6,3.64319,3.6633,0.46
2026-05-13,3.5,3.75,4.46,6.75,3.59,3.64285,3.66274,0.48
2026-05-14,3.5,3.75,4.47,6.75,3.56,3.64152,3.66207,0.47
2026-05-15,3.5,3.75,4.59,6.75,3.55,3.63817,3.66096,0.5
2026-05-16,3.5,3.75,4.59,6.75,3.55,3.63817,3.66096,0.5
2026-05-17,3.5,3.75,4.59,6.75,3.55,3.63817,3.66096,0.5
2026-05-18,3.5,3.75,4.61,6.75,3.53,3.62513,3.65726,0.54
2026-05-19,3.5,3.75,4.67,6.75,3.51,3.62113,3.65524,0.54
2026-05-20,3.5,3.75,4.57,6.75,3.5,3.61645,3.65278,0.53
2026-05-21,3.5,3.75,4.57,6.75,3.51,3.6121,3.65087,0.49
2026-05-22,3.5,3.75,4.56,6.75,3.55,3.60809,3.6492,0.43
2026-05-23,3.5,3.75,4.56,6.75,3.55,3.60809,3.6492,0.43
2026-05-24,3.5,3.75,4.56,6.75,3.55,3.60809,3.6492,0.43
2026-05-25,3.5,3.75,4.56,6.75,3.55,3.60809,3.6492,0.43
2026-05-26,3.5,3.75,4.5,6.75,3.63,3.59435,3.64413,0.49
2026-05-27,3.5,3.75,4.48,6.75,3.63,3.59335,3.64369,0.48
2026-05-28,3.5,3.75,4.45,6.75,3.62,3.59234,3.64324,0.46
2026-05-29,3.5,3.75,4.45,6.75,3.63,3.59167,3.64257,0.47
2026-05-30,3.5,3.75,4.45,6.75,3.63,3.59167,3.64257,0.47
2026-05-31,3.5,3.75,4.45,6.75,3.63,3.59167,3.64257,0.47
2026-06-01,3.5,3.75,4.47,6.75,3.65,3.59033,3.64055,0.42
2026-06-02,3.5,3.75,4.46,6.75,3.63,3.59067,3.63999,0.41
2026-06-03,3.5,3.75,4.49,6.75,3.61,3.59034,3.63954,0.41
2026-06-04,3.5,3.75,4.47,6.75,3.62,3.58967,3.63898,0.42
2026-06-05,3.5,3.75,4.55,6.75,3.63,3.58967,3.63865,0.38
2026-06-06,3.5,3.75,4.55,6.75,3.63,3.58967,3.63865,0.38
2026-06-07,3.5,3.75,4.55,6.75,3.63,3.58967,3.63865,0.38
2026-06-08,3.5,3.75,4.56,6.75,3.63,3.59233,3.63797,0.41
2026-06-09,3.5,3.75,4.53,6.75,3.6,3.59335,3.63786,0.4
2026-06-10,3.5,3.75,4.55,6.75,3.59,3.59335,3.63741,0.42
2026-06-11,3.5,3.75,4.45,6.75,3.6,3.59301,3.63674,0.4
2026-06-12,3.5,3.75,4.48,6.75,3.65,3.59301,3.63618,0.39
2026-06-13,3.5,3.75,4.48,6.75,3.65,3.59301,3.63618,0.39
2026-06-14,3.5,3.75,4.47,6.75,3.65,3.59301,3.63618,0.39
2026-06-15,3.5,3.75,4.43,6.75,3.69,3.60136,3.63561,0.4
2026-06-16,3.5,3.75,4.49,6.75,3.63,3.60605,3.63606,0.38
2026-06-17,3.5,3.75,4.49,6.75,3.63,3.60872,3.63617,0.29
2026-06-18,3.5,3.75,4.46,6.75,3.62,3.61206,3.63629,0.27
2026-06-19,3.5,3.75,4.46,6.75,3.62,3.61206,3.63629,0.27
2026-06-20,3.5,3.75,4.46,6.75,3.62,3.61206,3.63629,0.27
2026-06-21,3.5,3.75,4.46,6.75,3.62,3.61206,3.63629,0.27
2026-06-22,3.5,3.75,4.51,6.75,3.61,3.62573,3.63627,0.27
2026-06-23,3.5,3.75,4.5,6.75,3.62,3.62776,3.63605,0.34
2026-06-24,3.5,3.75,4.41,6.75,3.62,3.63011,3.63583,0.3
2026-06-25,3.5,3.75,4.4,6.75,3.64,3.63245,3.63549,0.31
2026-06-26,3.5,3.75,4.38,6.75,3.62,3.63279,3.63561,0.31
2026-06-27,3.5,3.75,4.38,6.75,3.62,3.63279,3.63561,0.31
2026-06-28,3.5,3.75,4.38,6.75,3.62,3.63279,3.63561,0.31
2026-06-29,3.5,3.75,4.38,6.75,3.62,3.63211,3.63527,0.28
2026-06-30,3.5,3.75,4.44,6.75,3.68,3.63179,3.63459,0.3
2026-07-01,3.5,3.75,4.48,6.75,3.66,3.63346,3.63493,0.31
2026-07-02,3.5,3.75,4.49,6.75,3.64,3.63379,3.63494,0.35
2026-07-03,3.5,3.75,4.49,6.75,3.64,3.63379,3.63494,0.35
2026-07-04,3.5,3.75,4.49,6.75,3.64,3.63379,3.63494,0.35
2026-07-05,3.5,3.75,4.49,6.75,3.64,3.63379,3.63494,0.35
2026-07-06,3.5,3.75,4.48,6.75,3.63,3.63608,3.63415,0.35
2026-07-07,3.5,3.75,4.55,6.75,3.62,3.63609,3.63426,0.36
2026-07-08,3.5,3.75,4.56,6.75,3.58,3.63576,3.63459,0.35
2026-07-09,3.5,3.75,4.54,6.75,3.53,3.63409,3.63471,0.38
2026-07-10,3.5,3.75,4.56,6.75,3.55,3.63175,3.63382,0.35
2026-07-11,3.5,3.75,4.56,6.75,3.55,3.63175,3.63382,0.35
2026-07-12,3.5,3.75,4.56,6.75,3.55,3.63175,3.63382,0.35
2026-07-13,3.5,3.75,4.62,6.75,3.6,3.62539,3.63157,0.36
2026-07-14,3.5,3.75,4.58,6.75,3.63,3.62373,3.63089,0.4
2026-07-15,3.5,3.75,4.55,6.75,3.64,3.62306,3.62989,0.42
2026-07-16,3.5,3.75,4.57,6.75,3.62,3.62139,3.62955,0.41
2026-07-17,3.5,3.75,4.55,6.75,3.59,3.62105,3.62922,0.37
2026-07-18,3.5,3.75,4.55,6.75,3.59,3.62105,3.62922,0.37
2026-07-19,3.5,3.75,4.55,6.75,3.59,3.62105,3.62922,0.37
2026-07-20,3.5,3.75,4.6,6.75,3.57,3.61773,3.62742,0.39
2026-07-21,3.5,3.75,4.63,6.75,3.61,3.61608,3.62675,0.37
2026-07-22,3.5,3.75,4.67,6.75,3.62,3.61574,3.62641,0.36
2026-07-23,3.5,3.75,4.71,6.75,3.64,3.61608,3.62607,0.34
2026-07-24,3.5,3.75,4.69,6.75,3.64,3.61674,3.62586,0.36
2026-07-25,3.5,3.75,4.69,6.75,3.64,3.61674,3.62586,0.36
2026-07-26,3.5,3.75,4.69,6.75,3.64,3.61674,3.62586,0.36
2026-07-27,3.5,3.75,4.65,6.75,3.64,3.61807,3.62518,0.34
2026-07-28,3.5,3.75,4.61,6.75,3.65,3.61875,3.62518,0.35
2026-07-29,3.5,3.75,4.67,6.75,3.65,3.61975,3.6254,0.45
2026-07-30,3.5,3.75,4.68,6.75,3.65,3.62076,3.62529,0.45
2026-07-31,3.5,3.75,4.75,6.75,3.66,3.61975,3.62541,0.47
2026-08-01,3.5,3.75,4.75,6.75,3.66,3.61975,3.62541,0.47
2026-08-02,3.5,3.75,4.75,6.75,3.66,3.61975,3.62541,0.47
2026-08-03,3.5,3.75,4.70,6.75,3.65,3.6211100,3.6261900,0.45
2026-08-04,3.5,3.75,4.63,6.75,3.66,3.6214600,3.6265200,0.43
2026-08-05,3.5,3.75,4.63,6.75,3.64,3.6221300,3.6270800,0.45
2026-08-06,3.5,3.75,4.69,6.75,3.65,3.6224600,3.6275300,0.44
2026-08-07,3.5,3.75,,,,3.6234700,3.6281000,0.46